	22	27	32	37	42	47	52	57	62	67	72	77	82	87	92	97	102	107	112	117	122	127	132	137	142	147	152	157	162	167	172	177	182	187	192	197	202	207	212	217	222	227	232	235
SRR6954498.assembled	462418.0	533356.0	560743.0	619429.0	608427.0	756416.0	882851.0	552446.0	537604.0	550751.0	566476.0	560542.0	565386.0	528614.0	590373.0	592617.0	577932.0	634641.0	619767.0	606964.0	580177.0	547146.0	547754.0	587885.0	560886.0	547544.0	491799.0	391577.0	394246.0	366607.0	345940.0	324147.0	293593.0	286075.0	230550.0	191604.0	135824.0	75996.0	30878.0	6908.0	1222.0	152.0	29.0	6.0
	0	2	4	6	8	10	12	14	16	18	20	22	24	26	28	30	32	34	36	38	40	42	44	46	48	50	52	54	56	58	60	62	64	66	68	70	72	74	76	78	80	82	84	86	88	90	92	94	96
SRR6954498.unassembled_1	3269794.0	279291.0	207333.0	150832.0	115899.0	173238.0	211598.0	241989.0	198482.0	157624.0	233710.0	282328.0	319957.0	264354.0	218591.0	310078.0	386821.0	454491.0	391481.0	323211.0	415359.0	480872.0	528818.0	432078.0	344768.0	466387.0	626618.0	823616.0	879365.0	1065472.0	1523345.0	1944482.0	2318003.0	2146763.0	1903232.0	1907595.0	1550942.0	983475.0	467582.0	207596.0	112750.0	55970.0	39139.0	29896.0	1737.0	2123.0	2976.0	0.0	7301.0
	2	7	12	17	22	27	32	37	42	47	52	57	62	67	72	77	82	87	92	97	102	107	112	117	122	127	132	137	142	147	150
SRR6954498.unassembled_2	601.0	204.0	250.0	171.0	121.0	149.0	196.0	117.0	45.0	16.0	1.0	5.0	1.0	3.0	1.0	3.0	1.0	2.0	2.0	1.0	3.0	18.0	21.0	58.0	46.0	86.0	90.0	860.0	4462.0	304820.0	29147008.0
	150
SRR6954498_1	110570912.0
	150
SRR6954498_2	110570912.0
	22	27	32	37	42	47	52	57	62	67	72	77	82	87	92	97	102	107	112	117	122	127	132	137	142	147	152	157	162	167	172	177	182	187	192	197	202	207	212	217	222	227	231
SRR6954499.assembled	68825.0	58559.0	63315.0	55564.0	75311.0	57389.0	134954.0	42103.0	51590.0	40619.0	51579.0	69767.0	51085.0	46611.0	34807.0	45225.0	43539.0	60864.0	85894.0	34994.0	38295.0	33819.0	38743.0	40275.0	60223.0	47832.0	42207.0	38025.0	33727.0	22712.0	27423.0	26866.0	24374.0	24948.0	14229.0	13641.0	6666.0	5021.0	2661.0	921.0	189.0	13.0	3.0
	0	2	4	6	8	10	12	14	16	18	20	22	24	26	28	30	32	34	36	38	40	42	44	46	48	50	52	54	56	58	60	62	64	66	68	70	72	74	76	78	80	82	84	86	88	90	92	94	96
SRR6954499.unassembled_1	101908.0	11779.0	7564.0	7488.0	4512.0	5731.0	6779.0	7899.0	8652.0	5740.0	7309.0	8982.0	10449.0	12180.0	9559.0	11987.0	15269.0	18875.0	23262.0	20391.0	27771.0	36830.0	45304.0	48838.0	22075.0	20091.0	25896.0	40134.0	67484.0	56690.0	86453.0	115907.0	133512.0	126819.0	78219.0	55781.0	58857.0	42144.0	26741.0	13269.0	9806.0	6343.0	3567.0	5097.0	120.0	115.0	98.0	64.0	272.0
	2	7	12	17	22	27	32	37	42	47	52	57	62	67	72	77	82	87	92	97	102	107	112	117	122	127	132	137	142	147	151
SRR6954499.unassembled_2	22.0	3.0	9.0	5.0	0.0	3.0	0.0	3.0	1.0	0.0	0.0	0.0	0.0	1.0	0.0	0.0	0.0	1.0	0.0	0.0	0.0	0.0	2.0	4.0	1.0	1.0	2.0	10.0	65.0	13840.0	1446639.0
	151
SRR6954499_1	39426956.0
	151
SRR6954499_2	39426956.0
	22	27	32	37	42	47	52	57	62	67	72	77	82	87	92	97	102	107	112	117	122	127	132	137	142	147	152	157	162	167	172	177	182	187	192	197	202	207	212	217	222	227
SRR6954500.assembled	82745.0	70587.0	77728.0	68976.0	96412.0	74505.0	177752.0	53514.0	66974.0	50489.0	65045.0	87882.0	67010.0	59050.0	44089.0	58433.0	57845.0	80415.0	116787.0	45544.0	48562.0	43316.0	50007.0	51949.0	77972.0	61004.0	53078.0	48196.0	42816.0	28594.0	34440.0	33945.0	30618.0	30661.0	17634.0	17270.0	8315.0	6312.0	3575.0	1172.0	296.0	22.0
	0	2	4	6	8	10	12	14	16	18	20	22	24	26	28	30	32	34	36	38	40	42	44	46	48	50	52	54	56	58	60	62	64	66	68	70	72	74	76	78	80	82	84	86	88	90	92	94	96
SRR6954500.unassembled_1	140998.0	16052.0	10557.0	10127.0	6125.0	7788.0	9388.0	10592.0	11403.0	7795.0	9824.0	11865.0	14245.0	15975.0	12898.0	16248.0	20665.0	25286.0	30658.0	27070.0	36245.0	47272.0	57443.0	62007.0	29021.0	25882.0	33391.0	51059.0	84916.0	70453.0	106681.0	142641.0	162427.0	157296.0	99535.0	72149.0	75586.0	55807.0	35941.0	18144.0	13589.0	8582.0	4877.0	6412.0	151.0	146.0	151.0	88.0	409.0
	2	7	12	17	22	27	32	37	42	47	52	57	62	67	72	77	82	87	92	97	102	107	112	117	122	127	132	137	142	147	151
SRR6954500.unassembled_2	14.0	2.0	11.0	11.0	1.0	1.0	2.0	1.0	3.0	0.0	0.0	0.0	1.0	0.0	0.0	0.0	0.0	0.0	0.0	0.0	0.0	1.0	0.0	4.0	2.0	1.0	3.0	15.0	83.0	18090.0	1855614.0
	151
SRR6954500_1	41227245.0
	151
SRR6954500_2	41227245.0
	22	27	32	37	42	47	52	57	62	67	72	77	82	87	92	97	102	107	112	117	122	127	132	137	142	147	152	157	162	167	172	177	182	187	192	197	202	207	212	217	222	227	232	235
SRR6954501.assembled	206917.0	170718.0	179480.0	175104.0	176944.0	175315.0	193654.0	162057.0	152584.0	152782.0	161154.0	162416.0	156121.0	147005.0	141885.0	154062.0	150800.0	154075.0	149026.0	163293.0	154971.0	134090.0	137863.0	122105.0	139337.0	163319.0	140977.0	117359.0	130767.0	117341.0	114879.0	110695.0	85361.0	75514.0	70647.0	62873.0	51374.0	33353.0	18031.0	5916.0	1136.0	119.0	14.0	4.0
	0	2	4	6	8	10	12	14	16	18	20	22	24	26	28	30	32	34	36	38	40	42	44	46	48	50	52	54	56	58	60	62	64	66	68	70	72	74	76	78	80	82	84	86	88	90	92	94	96
SRR6954501.unassembled_1	370803.0	38949.0	26710.0	25952.0	14896.0	20278.0	24927.0	29285.0	31485.0	19003.0	26180.0	31978.0	36988.0	42904.0	26139.0	35423.0	45946.0	57789.0	66932.0	43575.0	56636.0	69353.0	83378.0	91037.0	53566.0	72704.0	102102.0	142529.0	201794.0	191686.0	314810.0	414176.0	522677.0	591793.0	441291.0	433416.0	482856.0	383192.0	228070.0	114694.0	67289.0	37242.0	18860.0	14306.0	832.0	467.0	673.0	448.0	1661.0
	2	7	12	17	22	27	32	37	42	47	52	57	62	67	72	77	82	87	92	97	102	107	112	117	122	127	132	137	142	147	151
SRR6954501.unassembled_2	41.0	10.0	11.0	16.0	4.0	6.0	6.0	4.0	2.0	0.0	0.0	0.0	0.0	2.0	0.0	0.0	0.0	0.0	0.0	0.0	0.0	1.0	3.0	6.0	5.0	6.0	10.0	114.0	308.0	42999.0	6106126.0
	151
SRR6954501_1	52280543.0
	151
SRR6954501_2	52280543.0
	22	27	32	37	42	47	52	57	62	67	72	77	82	87	92	97	102	107	112	117	122	127	132	137	142	147	152	157	162	167	172	177	182	187	192	197	202	207	212	217	222	227	232	236
SRR6954502.assembled	67127.0	61321.0	65500.0	62509.0	63379.0	62278.0	65521.0	56533.0	52598.0	52474.0	55569.0	56315.0	53338.0	48905.0	46900.0	50015.0	47469.0	48637.0	47656.0	51594.0	47558.0	42423.0	42243.0	37644.0	43928.0	50763.0	43441.0	37685.0	44520.0	39123.0	36748.0	36007.0	28320.0	25362.0	24203.0	22214.0	18812.0	12415.0	6270.0	2119.0	350.0	42.0	4.0	2.0
	0	2	4	6	8	10	12	14	16	18	20	22	24	26	28	30	32	34	36	38	40	42	44	46	48	50	52	54	56	58	60	62	64	66	68	70	72	74	76	78	80	82	84	86	88	90	92	94	96
SRR6954502.unassembled_1	114431.0	13147.0	9121.0	8616.0	5405.0	6736.0	8058.0	9313.0	10220.0	6569.0	8090.0	9703.0	11461.0	13163.0	8200.0	10575.0	14028.0	16769.0	20341.0	13250.0	16916.0	21088.0	25792.0	28081.0	17726.0	23672.0	32940.0	46709.0	68411.0	65083.0	108600.0	148534.0	188220.0	223192.0	173877.0	173827.0	188279.0	145682.0	84210.0	40990.0	22369.0	11843.0	5764.0	4997.0	289.0	195.0	258.0	150.0	694.0
	2	7	12	17	22	27	32	37	42	47	52	57	62	67	72	77	82	87	92	97	102	107	112	117	122	127	132	137	142	147	151
SRR6954502.unassembled_2	11.0	1.0	4.0	5.0	1.0	1.0	1.0	1.0	1.0	0.0	0.0	0.0	0.0	0.0	0.0	0.0	0.0	0.0	0.0	0.0	0.0	0.0	1.0	2.0	1.0	3.0	2.0	30.0	95.0	15602.0	2169822.0
	151
SRR6954502_1	25995326.0
	151
SRR6954502_2	25995326.0
	22	27	32	37	42	47	52	57	62	67	72	77	82	87	92	97	102	107	112	117	122	127	132	137	142	147	152	157	162	167	172	177	182	187	192	197	202	207	212	217	222	227	232	235
SRR6954503.assembled	225959.0	329670.0	347383.0	327409.0	320609.0	377675.0	492859.0	358560.0	340757.0	390759.0	336678.0	392792.0	338100.0	374222.0	348509.0	395315.0	387428.0	455983.0	540234.0	420075.0	421809.0	389975.0	427951.0	402157.0	484575.0	509190.0	421572.0	339051.0	310413.0	286168.0	253660.0	243124.0	250065.0	250136.0	232428.0	141982.0	97519.0	58968.0	21241.0	7852.0	832.0	75.0	28.0	2.0
	0	2	4	6	8	10	12	14	16	18	20	22	24	26	28	30	32	34	36	38	40	42	44	46	48	50	52	54	56	58	60	62	64	66	68	70	72	74	76	78	80	82	84	86	88	90	92	94	96
SRR6954503.unassembled_1	3167165.0	365092.0	264208.0	194120.0	152982.0	233575.0	292093.0	349735.0	312891.0	273444.0	416563.0	518184.0	604971.0	537271.0	462324.0	616814.0	758098.0	807561.0	635684.0	499397.0	705464.0	810429.0	774549.0	524450.0	338777.0	472182.0	710266.0	1044902.0	1204544.0	1552000.0	2283607.0	2892547.0	3283902.0	2734325.0	2120629.0	2039292.0	1651148.0	1025668.0	473480.0	205734.0	108691.0	55244.0	33226.0	17299.0	1952.0	5784.0	8001.0	0.0	17862.0
	2	7	12	17	22	27	32	37	42	47	52	57	62	67	72	77	82	87	92	97	102	107	112	117	122	127	132	137	142	147	150
SRR6954503.unassembled_2	239.0	92.0	95.0	82.0	50.0	60.0	55.0	41.0	11.0	9.0	1.0	2.0	0.0	4.0	1.0	2.0	0.0	2.0	0.0	4.0	4.0	9.0	9.0	33.0	21.0	76.0	66.0	677.0	3493.0	363860.0	38189128.0
	150
SRR6954503_1	147270607.0
	150
SRR6954503_2	147270607.0
	22	27	32	37	42	47	52	57	62	67	72	77	82	87	92	97	102	107	112	117	122	127	132	137	142	147	152	157	162	167	172	177	182	187	192	197	202	207	212	217	222	227	232	235
SRR6954504.assembled	94078.0	130434.0	146750.0	125036.0	117739.0	121795.0	149501.0	117188.0	110585.0	126708.0	108898.0	122250.0	110795.0	112853.0	102128.0	117201.0	108075.0	124024.0	138238.0	107279.0	107108.0	97467.0	103663.0	96319.0	123916.0	128672.0	106896.0	86313.0	81086.0	74976.0	66659.0	65152.0	70651.0	71124.0	71762.0	45758.0	34306.0	22561.0	8776.0	2708.0	225.0	12.0	4.0	1.0
	0	2	4	6	8	10	12	14	16	18	20	22	24	26	28	30	32	34	36	38	40	42	44	46	48	50	52	54	56	58	60	62	64	66	68	70	72	74	76	78	80	82	84	86	88	90	92	94	96
SRR6954504.unassembled_1	472779.0	51688.0	36561.0	25806.0	21453.0	30397.0	37601.0	44070.0	38947.0	35252.0	49934.0	60743.0	69699.0	60790.0	52540.0	70735.0	87719.0	97838.0	80016.0	64687.0	92574.0	109890.0	116614.0	84825.0	58994.0	84104.0	121572.0	171813.0	191174.0	247545.0	382100.0	524872.0	663770.0	604275.0	531307.0	616415.0	558190.0	366854.0	172972.0	75103.0	39659.0	17310.0	7281.0	2265.0	320.0	435.0	695.0	0.0	1784.0
	2	7	12	17	22	27	32	37	42	47	52	57	62	67	72	77	82	87	92	97	102	107	112	117	122	127	132	137	142	147	150
SRR6954504.unassembled_2	39.0	7.0	21.0	11.0	4.0	4.0	9.0	6.0	3.0	2.0	0.0	0.0	0.0	0.0	0.0	2.0	0.0	1.0	0.0	1.0	1.0	1.0	2.0	7.0	4.0	20.0	10.0	124.0	577.0	59023.0	7274088.0
	150
SRR6954504_1	49110512.0
	150
SRR6954504_2	49110512.0
	22	27	32	37	42	47	52	57	62	67	72	77	82	87	92	97	102	107	112	117	122	127	132	137	142	147	152	157	162	167	172	177	182	187	192	197	202	207	212	217	222	227	232	235
SRR6954505.assembled	109673.0	155055.0	168089.0	146652.0	136865.0	141606.0	173504.0	139256.0	133231.0	154960.0	130198.0	146204.0	131882.0	138575.0	124319.0	143333.0	133822.0	157009.0	173223.0	136799.0	138774.0	126924.0	135558.0	127350.0	163602.0	176077.0	148793.0	122020.0	113346.0	106017.0	94595.0	91735.0	100008.0	102629.0	105504.0	66900.0	50652.0	34296.0	12984.0	4228.0	430.0	19.0	6.0	2.0
	0	2	4	6	8	10	12	14	16	18	20	22	24	26	28	30	32	34	36	38	40	42	44	46	48	50	52	54	56	58	60	62	64	66	68	70	72	74	76	78	80	82	84	86	88	90	92	94	96
SRR6954505.unassembled_1	526975.0	62854.0	46279.0	33457.0	27593.0	40166.0	49571.0	58815.0	52279.0	48936.0	69388.0	84348.0	98696.0	87033.0	77001.0	102157.0	125455.0	137642.0	111729.0	90106.0	128641.0	151138.0	156496.0	114649.0	79402.0	115975.0	169638.0	239336.0	263977.0	334460.0	505208.0	681869.0	844448.0	753358.0	655870.0	760898.0	695393.0	458917.0	220006.0	96946.0	49253.0	21558.0	9201.0	2969.0	404.0	586.0	978.0	0.0	2402.0
	2	7	12	17	22	27	32	37	42	47	52	57	62	67	72	77	82	87	92	97	102	107	112	117	122	127	132	137	142	147	150
SRR6954505.unassembled_2	71.0	21.0	45.0	24.0	10.0	13.0	18.0	11.0	5.0	2.0	2.0	1.0	1.0	2.0	0.0	0.0	2.0	3.0	1.0	0.0	1.0	1.0	5.0	6.0	4.0	14.0	14.0	168.0	825.0	75371.0	9367815.0
	150
SRR6954505_1	58247059.0
	150
SRR6954505_2	58247059.0
	22	27	32	37	42	47	52	57	62	67	72	77	82	87	92	97	102	107	112	117	122	127	132	137	142	147	152	157	162	167	172	177	182	187	192	197	202	207	212	217	222	227	232
SRR6954506.assembled	543117.0	633649.0	663952.0	665427.0	672121.0	740299.0	872436.0	631141.0	617878.0	630706.0	605262.0	620236.0	583837.0	594332.0	568503.0	611121.0	592347.0	620008.0	618451.0	564562.0	552565.0	499796.0	501215.0	439545.0	531944.0	494894.0	450998.0	377533.0	360092.0	342985.0	309297.0	297018.0	273442.0	263411.0	251407.0	180163.0	147114.0	87692.0	37279.0	9300.0	683.0	17.0	16.0
	0	2	4	6	8	10	12	14	16	18	20	22	24	26	28	30	32	34	36	38	40	42	44	46	48	50	52	54	56	58	60	62	64	66	68	70	72	74	76	78	80	82	84	86	88	90	92	94	96
SRR6954506.unassembled_1	1973126.0	157209.0	106475.0	77467.0	62272.0	84335.0	100997.0	112748.0	96576.0	78830.0	108510.0	128722.0	143112.0	120805.0	97068.0	136706.0	166305.0	188218.0	153956.0	124993.0	165915.0	193786.0	205803.0	160651.0	121059.0	169675.0	237196.0	315355.0	342894.0	452401.0	657557.0	885091.0	1176698.0	1134087.0	1051223.0	1236035.0	1204933.0	908197.0	492404.0	238069.0	122823.0	46586.0	14227.0	2620.0	235.0	424.0	1011.0	0.0	3186.0
	2	7	12	17	22	27	32	37	42	47	52	57	62	67	72	77	82	87	92	97	102	107	112	117	122	127	132	137	142	147	150
SRR6954506.unassembled_2	278.0	91.0	114.0	70.0	71.0	59.0	57.0	42.0	16.0	8.0	1.0	2.0	3.0	4.0	1.0	3.0	2.0	4.0	2.0	2.0	4.0	8.0	8.0	32.0	14.0	53.0	53.0	428.0	2139.0	147179.0	15607823.0
	150
SRR6954506_1	82436033.0
	150
SRR6954506_2	82436033.0
	22	27	32	37	42	47	52	57	62	67	72	77	82	87	92	97	102	107	112	117	122	127	132	137	142	147	152	157	162	167	172	177	182	187	192	197	202	207	212	217	222	227	232	236
SRR6954507.assembled	927053.0	1076382.0	1102690.0	1027502.0	948428.0	961407.0	1301920.0	878813.0	828619.0	866954.0	768355.0	793585.0	773247.0	755805.0	714048.0	798933.0	786110.0	855094.0	887693.0	741994.0	776355.0	721473.0	717838.0	653096.0	776922.0	807122.0	715679.0	611667.0	526592.0	485322.0	436838.0	432654.0	439671.0	451053.0	440897.0	299034.0	234267.0	150967.0	64838.0	28785.0	4459.0	335.0	84.0	16.0
	0	2	4	6	8	10	12	14	16	18	20	22	24	26	28	30	32	34	36	38	40	42	44	46	48	50	52	54	56	58	60	62	64	66	68	70	72	74	76	78	80	82	84	86	88	90	92	94	96
SRR6954507.unassembled_1	4699150.0	523281.0	383610.0	346696.0	234977.0	299038.0	387119.0	426798.0	489151.0	321115.0	405841.0	528863.0	620807.0	669216.0	455106.0	576230.0	711735.0	838297.0	930947.0	587482.0	756879.0	851427.0	913000.0	979710.0	602705.0	873675.0	1398208.0	1956728.0	2557303.0	2166383.0	3369572.0	4349240.0	5090692.0	5419676.0	3961796.0	3437786.0	3010136.0	2072181.0	1178361.0	600518.0	373651.0	227459.0	110761.0	33299.0	1828.0	2784.0	7460.0	9119.0	19329.0
	2	7	12	17	22	27	32	37	42	47	52	57	62	67	72	77	82	87	92	97	102	107	112	117	122	127	132	137	142	147	151
SRR6954507.unassembled_2	609.0	129.0	328.0	340.0	64.0	49.0	87.0	90.0	27.0	2.0	0.0	5.0	2.0	4.0	5.0	2.0	3.0	5.0	2.0	2.0	2.0	17.0	25.0	25.0	35.0	86.0	132.0	636.0	2433.0	452984.0	60308995.0
	151
SRR6954507_1	166251631.0
	151
SRR6954507_2	166251631.0
	22	27	32	37	42	47	52	57	62	67	72	77	82	87	92	97	102	107	112	117	122	127	132	137	142	147	152	157	162	167	172	177	182	187	192	197	202	207	212	217	222	227	232	235
SRR6954508.assembled	125354.0	145836.0	164083.0	154008.0	154252.0	178027.0	224658.0	144405.0	141425.0	147275.0	138186.0	147690.0	147952.0	147743.0	147282.0	167855.0	165041.0	186386.0	201371.0	182548.0	187004.0	181130.0	190431.0	180601.0	234408.0	246619.0	224124.0	178718.0	176583.0	174810.0	161941.0	157814.0	166010.0	162881.0	158061.0	108392.0	87743.0	59537.0	24819.0	8261.0	1148.0	76.0	9.0	1.0
	0	2	4	6	8	10	12	14	16	18	20	22	24	26	28	30	32	34	36	38	40	42	44	46	48	50	52	54	56	58	60	62	64	66	68	70	72	74	76	78	80	82	84	86	88	90	92	94	96
SRR6954508.unassembled_1	1337611.0	148351.0	111303.0	80876.0	65773.0	96869.0	119826.0	143580.0	127412.0	109955.0	158889.0	203098.0	231687.0	196837.0	175634.0	232966.0	281688.0	316248.0	249413.0	198961.0	267298.0	298095.0	308808.0	233618.0	179042.0	274527.0	411232.0	561254.0	604816.0	702532.0	931873.0	1130134.0	1286028.0	1111394.0	960737.0	1089143.0	1020342.0	726562.0	364398.0	166901.0	92956.0	44612.0	25739.0	12062.0	1167.0	2238.0	3215.0	0.0	6396.0
	2	7	12	17	22	27	32	37	42	47	52	57	62	67	72	77	82	87	92	97	102	107	112	117	122	127	132	137	142	147	150
SRR6954508.unassembled_2	277.0	105.0	174.0	105.0	45.0	45.0	47.0	39.0	19.0	11.0	1.0	3.0	1.0	4.0	1.0	5.0	1.0	3.0	2.0	5.0	0.0	8.0	17.0	37.0	25.0	68.0	60.0	444.0	1804.0	148687.0	17252053.0
	150
SRR6954508_1	84448014.0
	150
SRR6954508_2	84448014.0
	22	27	32	37	42	47	52	57	62	67	72	77	82	87	92	97	102	107	112	117	122	127	132	137	142	147	152	157	162	167	172	177	182	187	192	197	202	207	212	217	222	227	232	236
SRR6954509.assembled	696327.0	897376.0	933400.0	989425.0	934333.0	951778.0	1051356.0	881707.0	881031.0	816602.0	769484.0	772158.0	748544.0	674628.0	701007.0	728060.0	719803.0	742600.0	750563.0	775031.0	792780.0	756944.0	868817.0	1046421.0	764833.0	880994.0	716873.0	613284.0	585417.0	570331.0	564902.0	594393.0	537141.0	525347.0	458519.0	366818.0	304594.0	175447.0	98682.0	39971.0	7587.0	791.0	159.0	62.0
	0	2	4	6	8	10	12	14	16	18	20	22	24	26	28	30	32	34	36	38	40	42	44	46	48	50	52	54	56	58	60	62	64	66	68	70	72	74	76	78	80	82	84	86	88	90	92	94	96
SRR6954509.unassembled_1	2659802.0	327813.0	236911.0	234325.0	145867.0	185071.0	228384.0	260742.0	281898.0	173729.0	226510.0	287257.0	336143.0	372663.0	228691.0	305476.0	386244.0	461403.0	535251.0	319764.0	434699.0	556538.0	640911.0	665598.0	362271.0	484358.0	701718.0	1033730.0	1529420.0	1308399.0	2045521.0	2681923.0	3227527.0	3585379.0	2725170.0	2388479.0	2103171.0	1582788.0	1013276.0	540138.0	372645.0	220745.0	109636.0	149256.0	3667.0	3921.0	5779.0	4001.0	14440.0
	2	7	12	17	22	27	32	37	42	47	52	57	62	67	72	77	82	87	92	97	102	107	112	117	122	127	132	137	142	147	151
SRR6954509.unassembled_2	97.0	37.0	35.0	39.0	12.0	15.0	17.0	21.0	11.0	4.0	2.0	0.0	1.0	3.0	0.0	5.0	4.0	4.0	1.0	2.0	7.0	5.0	13.0	34.0	26.0	64.0	87.0	433.0	1964.0	338659.0	38347446.0
	151
SRR6954509_1	176143140.0
	151
SRR6954509_2	176143140.0
	22	27	32	37	42	47	52	57	62	67	72	77	82	87	92	97	102	107	112	117	122	127	132	137	142	147	152	157	162	167	172	177	182	187	192	197	202	207	212	217	222	227	232
SRR6954510.assembled	1802378.0	1421898.0	1119641.0	1036378.0	1023356.0	1874898.0	2400948.0	902281.0	737458.0	698419.0	621938.0	628973.0	583263.0	546767.0	477422.0	484217.0	412647.0	401672.0	365641.0	319883.0	261998.0	225405.0	181423.0	137748.0	111454.0	106487.0	110898.0	75303.0	63962.0	52867.0	39355.0	32059.0	24787.0	20761.0	15636.0	11546.0	7409.0	3367.0	1257.0	439.0	95.0	34.0	10.0
	0	2	4	6	8	10	12	14	16	18	20	22	24	26	28	30	32	34	36	38	40	42	44	46	48	50	52	54	56	58	60	62	64	66	68	70	72	74	76	78	80	82	84	86	88	90	92	94	96
SRR6954510.unassembled_1	4441655.0	131920.0	75045.0	52352.0	39088.0	55915.0	63649.0	69240.0	55963.0	42362.0	59166.0	68770.0	75222.0	61534.0	47399.0	66345.0	78442.0	90083.0	74006.0	56159.0	71872.0	82587.0	91379.0	76916.0	62499.0	94242.0	130951.0	175433.0	194531.0	220543.0	295935.0	342737.0	343804.0	276835.0	193861.0	172080.0	136967.0	88965.0	48463.0	25628.0	27682.0	29546.0	42215.0	38962.0	2765.0	4964.0	6275.0	0.0	17126.0
	2	7	12	17	22	27	32	37	42	47	52	57	62	67	72	77	82	87	92	97	102	107	112	117	122	127	132	137	142	147	150
SRR6954510.unassembled_2	6895.0	2414.0	2920.0	1570.0	806.0	905.0	1651.0	1358.0	739.0	210.0	25.0	49.0	46.0	74.0	23.0	42.0	12.0	16.0	3.0	6.0	14.0	119.0	214.0	377.0	120.0	110.0	52.0	242.0	1385.0	79802.0	8897879.0
	150
SRR6954510_1	105396531.0
	150
SRR6954510_2	105396531.0
	22	27	32	37	42	47	52	57	62	67	72	77	82	87	92	97	102	107	112	117	122	127	132	137	142	147	152	157	162	167	172	177	182	187	192	197	202	207	212	217	222	227	232	235
SRR6954511.assembled	42511.0	45967.0	55086.0	55543.0	56305.0	63256.0	63284.0	50342.0	43006.0	47657.0	44733.0	48378.0	48870.0	45579.0	57401.0	51290.0	65204.0	50158.0	53942.0	58436.0	68099.0	48456.0	49653.0	55649.0	53057.0	49891.0	47333.0	30944.0	32416.0	31433.0	27722.0	27361.0	26101.0	21331.0	16844.0	13211.0	8497.0	4597.0	1799.0	413.0	112.0	10.0	0.0	1.0
	0	2	4	6	8	10	12	14	16	18	20	22	24	26	28	30	32	34	36	38	40	42	44	46	48	50	52	54	56	58	60	62	64	66	68	70	72	74	76	78	80	82	84	86	88	90	92	94	96
SRR6954511.unassembled_1	364116.0	37073.0	28811.0	21772.0	16810.0	26820.0	34118.0	38961.0	34027.0	27195.0	41601.0	53258.0	62726.0	56696.0	51665.0	76020.0	102767.0	117601.0	104220.0	85854.0	112766.0	133801.0	142779.0	102533.0	69809.0	96455.0	139193.0	194140.0	203995.0	245709.0	342628.0	406371.0	435738.0	342384.0	255931.0	252072.0	200366.0	120125.0	53733.0	24084.0	14059.0	8163.0	5416.0	2714.0	378.0	521.0	785.0	0.0	1663.0
	2	7	12	17	22	27	32	37	42	47	52	57	62	67	72	77	82	87	92	97	102	107	112	117	122	127	132	137	142	147	150
SRR6954511.unassembled_2	75.0	6.0	28.0	17.0	15.0	11.0	9.0	10.0	6.0	0.0	0.0	1.0	0.0	0.0	1.0	1.0	0.0	0.0	0.0	1.0	2.0	8.0	6.0	6.0	5.0	29.0	20.0	195.0	694.0	43333.0	5245943.0
	150
SRR6954511_1	45116985.0
	150
SRR6954511_2	45116985.0
	22	27	32	37	42	47	52	57	62	67	72	77	82	87	92	97	102	107	112	117	122	127	132	137	142	147	152	157	162	167	172	177	182	187	192	197	202	207	212	217	222	227	231
SRR6954530.assembled	153846.0	144956.0	165528.0	156749.0	154677.0	175103.0	200634.0	154609.0	137892.0	162715.0	152985.0	151309.0	142986.0	142508.0	143914.0	164993.0	169128.0	183928.0	188632.0	189222.0	173120.0	181083.0	159107.0	171208.0	259080.0	235116.0	214750.0	180529.0	207303.0	177966.0	138227.0	135596.0	116881.0	103930.0	90859.0	69142.0	54457.0	27122.0	10218.0	1827.0	306.0	35.0	6.0
	0	2	4	6	8	10	12	14	16	18	20	22	24	26	28	30	32	34	36	38	40	42	44	46	48	50	52	54	56	58	60	62	64	66	68	70	72	74	76	78	80	82	84	86	88	90	92	94	96
SRR6954530.unassembled_1	1183717.0	154911.0	121391.0	93224.0	75481.0	119885.0	148265.0	175138.0	148055.0	117579.0	175232.0	212811.0	249985.0	208094.0	173940.0	254949.0	332872.0	399247.0	337501.0	266692.0	346446.0	400004.0	436959.0	368293.0	301163.0	430898.0	568468.0	701688.0	694222.0	784925.0	1178705.0	1451436.0	1596449.0	1369479.0	1138183.0	1102920.0	883692.0	518801.0	237275.0	105351.0	62439.0	30305.0	18088.0	9280.0	1541.0	1360.0	2159.0	0.0	4359.0
	2	7	12	17	22	27	32	37	42	47	52	57	62	67	72	77	82	87	92	97	102	107	112	117	122	127	132	137	142	147	150
SRR6954530.unassembled_2	155.0	35.0	67.0	41.0	17.0	22.0	25.0	26.0	7.0	3.0	1.0	1.0	0.0	1.0	1.0	2.0	2.0	1.0	0.0	3.0	1.0	4.0	18.0	21.0	17.0	40.0	57.0	443.0	1833.0	182757.0	19508256.0
	150
SRR6954530_1	96270883.0
	150
SRR6954530_2	96270883.0
	22	27	32	37	42	47	52	57	62	67	72	77	82	87	92	97	102	107	112	117	122	127	132	137	142	147	152	157	162	167	172	177	182	187	192	197	202	207	212	217	222	227	232
SRR6954531.assembled	309006.0	294724.0	302352.0	302367.0	312556.0	386759.0	451994.0	278935.0	271433.0	266349.0	263618.0	267842.0	260377.0	252699.0	269284.0	277769.0	288261.0	290446.0	290632.0	295117.0	284319.0	261590.0	242616.0	229596.0	249473.0	237135.0	216624.0	164041.0	170345.0	155084.0	142556.0	133016.0	112357.0	101122.0	81825.0	60676.0	41025.0	22824.0	9901.0	2386.0	481.0	31.0	32.0
	0	2	4	6	8	10	12	14	16	18	20	22	24	26	28	30	32	34	36	38	40	42	44	46	48	50	52	54	56	58	60	62	64	66	68	70	72	74	76	78	80	82	84	86	88	90	92	94	96
SRR6954531.unassembled_1	1455058.0	134545.0	101324.0	74831.0	56979.0	86939.0	106847.0	122812.0	101344.0	78888.0	114917.0	142321.0	163004.0	136439.0	114939.0	167449.0	211558.0	253773.0	214133.0	168298.0	205078.0	227713.0	237915.0	182275.0	140767.0	208139.0	306030.0	424997.0	476011.0	565034.0	748869.0	851876.0	889336.0	735789.0	549557.0	498897.0	411656.0	275350.0	144479.0	71494.0	47001.0	28433.0	23815.0	21223.0	1233.0	1711.0	2240.0	0.0	5164.0
	2	7	12	17	22	27	32	37	42	47	52	57	62	67	72	77	82	87	92	97	102	107	112	117	122	127	132	137	142	147	150
SRR6954531.unassembled_2	440.0	204.0	352.0	207.0	92.0	111.0	169.0	138.0	82.0	21.0	15.0	11.0	4.0	8.0	2.0	7.0	3.0	2.0	0.0	3.0	0.0	14.0	30.0	75.0	39.0	93.0	70.0	651.0	2341.0	139074.0	12144222.0
	150
SRR6954531_1	88735607.0
	150
SRR6954531_2	88735607.0
	22	27	32	37	42	47	52	57	62	67	72	77	82	87	92	97	102	107	112	117	122	127	132	137	142	147	152	157	162	167	172	177	182	187	192	197	202	207	212	217	222	225
SRR6954532.assembled	24734.0	12520.0	12219.0	12079.0	10507.0	11757.0	10816.0	9378.0	9842.0	9484.0	9375.0	9018.0	8581.0	8326.0	8474.0	8581.0	8005.0	7863.0	7832.0	7797.0	7934.0	6993.0	6860.0	6599.0	7205.0	7258.0	6396.0	4523.0	4450.0	4070.0	3724.0	3474.0	2999.0	2684.0	2093.0	1655.0	1312.0	662.0	295.0	79.0	19.0	1.0
	0	2	4	6	8	10	12	14	16	18	20	22	24	26	28	30	32	34	36	38	40	42	44	46	48	50	52	54	56	58	60	62	64	66	68	70	72	74	76	78	80	82	84	86	88	90	92	94	96
SRR6954532.unassembled_1	11234.0	1760.0	1418.0	1491.0	886.0	1242.0	1555.0	1880.0	2077.0	1360.0	1806.0	2334.0	2898.0	3459.0	2246.0	3070.0	4006.0	4892.0	5479.0	3365.0	4341.0	4891.0	5708.0	5823.0	3777.0	5183.0	7615.0	10167.0	13203.0	11846.0	17251.0	20237.0	20805.0	20171.0	13120.0	8938.0	7525.0	5410.0	3191.0	1570.0	1129.0	699.0	435.0	702.0	31.0	19.0	22.0	11.0	61.0
	2	7	12	17	22	27	32	37	42	47	52	57	62	67	72	77	82	87	92	97	102	107	112	117	122	127	132	137	142	147	151
SRR6954532.unassembled_2	6.0	1.0	4.0	3.0	0.0	1.0	0.0	1.0	0.0	0.0	0.0	0.0	0.0	0.0	0.0	0.0	0.0	0.0	0.0	0.0	0.0	1.0	0.0	1.0	0.0	0.0	2.0	2.0	15.0	2078.0	250224.0
	151
SRR6954532_1	22450365.0
	151
SRR6954532_2	22450365.0
	22	27	32	37	42	47	52	57	62	67	72	77	82	87	92	97	102	107	112	117	122	127	132	137	142	147	152	157	162	167	172	177	182	187	192	197	202	207	212	217	222	227	232	235
SRR6954533.assembled	716369.0	799779.0	870972.0	861867.0	957749.0	1009331.0	1171694.0	800806.0	761040.0	814271.0	806279.0	755417.0	730324.0	690006.0	767974.0	746232.0	796888.0	776531.0	710395.0	736856.0	702312.0	651978.0	667582.0	588912.0	727160.0	716755.0	552558.0	470135.0	505872.0	444615.0	388595.0	381392.0	465602.0	640890.0	300463.0	213142.0	149659.0	124040.0	47064.0	10777.0	1986.0	186.0	58.0	3.0
	0	2	4	6	8	10	12	14	16	18	20	22	24	26	28	30	32	34	36	38	40	42	44	46	48	50	52	54	56	58	60	62	64	66	68	70	72	74	76	78	80	82	84	86	88	90	92	94	96
SRR6954533.unassembled_1	2555954.0	242164.0	177442.0	125200.0	98871.0	145112.0	173754.0	201040.0	168771.0	136835.0	189475.0	237509.0	279376.0	237113.0	187460.0	242376.0	285071.0	323919.0	269187.0	211360.0	267521.0	301165.0	328735.0	254174.0	185067.0	269706.0	398015.0	554635.0	599050.0	810195.0	1121829.0	1425560.0	1767730.0	1553202.0	1353145.0	1431085.0	1278335.0	884592.0	458162.0	227802.0	129297.0	65880.0	52216.0	45003.0	1591.0	1899.0	3282.0	0.0	6329.0
	2	7	12	17	22	27	32	37	42	47	52	57	62	67	72	77	82	87	92	97	102	107	112	117	122	127	132	137	142	147	150
SRR6954533.unassembled_2	443.0	147.0	200.0	111.0	87.0	125.0	145.0	83.0	27.0	5.0	1.0	5.0	1.0	2.0	0.0	4.0	0.0	3.0	1.0	4.0	3.0	11.0	14.0	28.0	30.0	57.0	60.0	473.0	2706.0	183490.0	22074925.0
	150
SRR6954533_1	115712792.0
	150
SRR6954533_2	115712792.0
	22	27	32	37	42	47	52	57	62	67	72	77	82	87	92	97	102	107	112	117	122	127	132	137	142	147	152	157	162	167	172	177	182	187	192	197	202	207	212	217	222	227	232	235
SRR6954534.assembled	186968.0	212553.0	236381.0	244454.0	272762.0	352095.0	428879.0	237752.0	232246.0	256134.0	256409.0	253095.0	262180.0	273998.0	311728.0	306679.0	344854.0	326772.0	322518.0	342842.0	329885.0	340883.0	333764.0	343231.0	406894.0	466880.0	368854.0	326740.0	349174.0	309984.0	288903.0	293540.0	343624.0	438468.0	255030.0	185531.0	140047.0	109961.0	41302.0	8879.0	1303.0	207.0	46.0	3.0
	0	2	4	6	8	10	12	14	16	18	20	22	24	26	28	30	32	34	36	38	40	42	44	46	48	50	52	54	56	58	60	62	64	66	68	70	72	74	76	78	80	82	84	86	88	90	92	94	96
SRR6954534.unassembled_1	3006914.0	326683.0	221289.0	167039.0	133115.0	194676.0	232753.0	261708.0	217317.0	183563.0	247550.0	307332.0	342157.0	302339.0	241048.0	310602.0	367436.0	419904.0	356445.0	292314.0	368772.0	413858.0	438241.0	345959.0	268176.0	389140.0	559926.0	744288.0	807913.0	928951.0	1255311.0	1575477.0	1861019.0	1629437.0	1412536.0	1585486.0	1491478.0	1009572.0	494248.0	219528.0	109373.0	52468.0	29686.0	15918.0	1969.0	3039.0	4845.0	0.0	10096.0
	2	7	12	17	22	27	32	37	42	47	52	57	62	67	72	77	82	87	92	97	102	107	112	117	122	127	132	137	142	147	150
SRR6954534.unassembled_2	294.0	106.0	130.0	72.0	86.0	85.0	76.0	54.0	26.0	7.0	3.0	9.0	2.0	5.0	3.0	4.0	0.0	3.0	1.0	7.0	2.0	13.0	20.0	56.0	38.0	93.0	111.0	702.0	3170.0	259290.0	25894426.0
	150
SRR6954534_1	101930580.0
	150
SRR6954534_2	101930580.0
	22	27	32	37	42	47	52	57	62	67	72	77	82	87	92	97	102	107	112	117	122	127	132	137	142	147	152	157	162	167	172	177	182	187	192	197	202	207	212	217	222	227	232	235
SRR6954535.assembled	109693.0	114172.0	135246.0	132630.0	148676.0	157175.0	155905.0	122572.0	125480.0	144325.0	150265.0	149269.0	154984.0	158915.0	184937.0	159903.0	192937.0	168987.0	165825.0	171892.0	165478.0	170419.0	171231.0	187963.0	224742.0	283060.0	207852.0	188588.0	206182.0	183215.0	164933.0	172946.0	226095.0	318512.0	176876.0	112379.0	81932.0	74413.0	26370.0	7084.0	1009.0	102.0	15.0	2.0
	0	2	4	6	8	10	12	14	16	18	20	22	24	26	28	30	32	34	36	38	40	42	44	46	48	50	52	54	56	58	60	62	64	66	68	70	72	74	76	78	80	82	84	86	88	90	92	94	96
SRR6954535.unassembled_1	972533.0	117921.0	87335.0	66913.0	52690.0	79164.0	99473.0	116779.0	99660.0	84406.0	122955.0	163187.0	195502.0	180285.0	148638.0	200319.0	244949.0	289700.0	253336.0	220510.0	291987.0	331023.0	337551.0	247939.0	176461.0	273088.0	439508.0	655368.0	764522.0	912106.0	1217107.0	1473547.0	1689542.0	1447926.0	1234069.0	1338102.0	1199967.0	802062.0	421908.0	215023.0	122697.0	61811.0	31821.0	13585.0	1589.0	2557.0	3712.0	0.0	8347.0
	2	7	12	17	22	27	32	37	42	47	52	57	62	67	72	77	82	87	92	97	102	107	112	117	122	127	132	137	142	147	150
SRR6954535.unassembled_2	150.0	66.0	106.0	49.0	19.0	27.0	33.0	20.0	9.0	4.0	0.0	1.0	1.0	2.0	2.0	3.0	1.0	0.0	0.0	0.0	0.0	9.0	9.0	31.0	21.0	43.0	43.0	437.0	1528.0	184225.0	19324341.0
	150
SRR6954535_1	89743937.0
	150
SRR6954535_2	89743937.0
	22	27	32	37	42	47	52	57	62	67	72	77	82	87	92	97	102	107	112	117	122	127	132	137	142	147	152	157	162	167	172	177	182	187	192	197	202	207	212	217	222	227	232
SRR6954538.assembled	65716.0	59168.0	88845.0	163179.0	121382.0	196097.0	148057.0	162982.0	181033.0	130209.0	200075.0	144723.0	186316.0	323434.0	205576.0	143482.0	109099.0	132728.0	101919.0	139545.0	129743.0	120093.0	117582.0	120864.0	189940.0	232268.0	149426.0	126479.0	130065.0	227385.0	125341.0	123759.0	53849.0	76157.0	55151.0	51243.0	57047.0	43808.0	10535.0	6293.0	172.0	6.0	2.0
	0	2	4	6	8	10	12	14	16	18	20	22	24	26	28	30	32	34	36	38	40	42	44	46	48	50	52	54	56	58	60	62	64	66	68	70	72	74	76	78	80	82	84	86	88	90	92	94	96
SRR6954538.unassembled_1	615242.0	57343.0	43103.0	30557.0	24377.0	42214.0	51650.0	54818.0	41357.0	31026.0	43885.0	56638.0	63164.0	57821.0	54174.0	83612.0	118731.0	163212.0	172623.0	183625.0	256786.0	310866.0	327515.0	224466.0	103044.0	85523.0	107101.0	167451.0	209564.0	305587.0	510581.0	758543.0	974256.0	832501.0	620443.0	593554.0	618002.0	506514.0	305653.0	169922.0	83718.0	36322.0	15425.0	6144.0	340.0	501.0	851.0	0.0	2506.0
	2	7	12	17	22	27	32	37	42	47	52	57	62	67	72	77	82	87	92	97	102	107	112	117	122	127	132	137	142	147	150
SRR6954538.unassembled_2	20.0	3.0	8.0	2.0	4.0	1.0	3.0	4.0	2.0	0.0	0.0	0.0	0.0	0.0	1.0	0.0	0.0	1.0	2.0	1.0	0.0	0.0	0.0	5.0	5.0	4.0	2.0	86.0	634.0	78872.0	10043191.0
	150
SRR6954538_1	69825654.0
	150
SRR6954538_2	69825654.0
	22	27	32	37	42	47	52	57	62	67	72	77	82	87	92	97	102	107	112	117	122	127	132	137	142	147	152	157	162	167	172	177	182	187	192	197	202	207	212	217	222	227	232	236
SRR6954539.assembled	242916.0	166620.0	201811.0	385590.0	208078.0	279484.0	260100.0	242576.0	303433.0	202138.0	279017.0	207778.0	276332.0	413732.0	284752.0	208723.0	169421.0	187226.0	160404.0	249775.0	200584.0	186683.0	215677.0	196010.0	344030.0	350179.0	240775.0	215228.0	226662.0	352737.0	273365.0	245262.0	117436.0	168398.0	135194.0	125440.0	158298.0	157584.0	39578.0	27671.0	2485.0	263.0	118.0	18.0
	0	2	4	6	8	10	12	14	16	18	20	22	24	26	28	30	32	34	36	38	40	42	44	46	48	50	52	54	56	58	60	62	64	66	68	70	72	74	76	78	80	82	84	86	88	90	92	94	96
SRR6954539.unassembled_1	592349.0	66585.0	50427.0	50528.0	30909.0	42624.0	49163.0	56172.0	58059.0	35318.0	48395.0	61221.0	73667.0	89053.0	67307.0	100328.0	151038.0	211314.0	281520.0	256882.0	324608.0	363317.0	392989.0	365502.0	135419.0	128070.0	164665.0	248937.0	409090.0	495463.0	835620.0	1166402.0	1473411.0	1749507.0	1020531.0	1024473.0	1073079.0	1276967.0	751414.0	454300.0	243291.0	114269.0	56696.0	34302.0	775.0	880.0	1069.0	745.0	13316.0
	2	7	12	17	22	27	32	37	42	47	52	57	62	67	72	77	82	87	92	97	102	107	112	117	122	127	132	137	142	147	151
SRR6954539.unassembled_2	57.0	14.0	23.0	18.0	4.0	2.0	4.0	3.0	3.0	1.0	0.0	0.0	1.0	0.0	1.0	0.0	1.0	0.0	0.0	3.0	0.0	1.0	5.0	6.0	11.0	8.0	9.0	89.0	415.0	106506.0	16584781.0
	151
SRR6954539_1	70547004.0
	151
SRR6954539_2	70547004.0
	22	27	32	37	42	47	52	57	62	67	72	77	82	87	92	97	102	107	112	117	122	127	132	137	142	147	152	157	162	167	172	177	182	187	192	197	202	207	212	217	222	227	231
SRR6954540.assembled	1025495.0	1104801.0	1187034.0	1297600.0	1510680.0	2649063.0	3898260.0	1375332.0	1287569.0	1166836.0	1114562.0	1033478.0	992783.0	942697.0	949291.0	964318.0	880722.0	857180.0	810810.0	734075.0	617443.0	505029.0	408122.0	254097.0	217502.0	195718.0	171746.0	123780.0	114217.0	104234.0	86813.0	73691.0	58109.0	50096.0	36384.0	24395.0	15298.0	6428.0	2058.0	529.0	93.0	38.0	6.0
	0	2	4	6	8	10	12	14	16	18	20	22	24	26	28	30	32	34	36	38	40	42	44	46	48	50	52	54	56	58	60	62	64	66	68	70	72	74	76	78	80	82	84	86	88	90	92	94	96
SRR6954540.unassembled_1	10136421.0	493999.0	301331.0	210864.0	158498.0	225756.0	261365.0	284718.0	222426.0	167645.0	247306.0	280151.0	302235.0	243679.0	199137.0	269194.0	322962.0	352418.0	280417.0	214330.0	266360.0	292636.0	310768.0	247660.0	211229.0	302302.0	402773.0	485874.0	478613.0	510557.0	591680.0	617617.0	628756.0	499158.0	377459.0	316465.0	226953.0	130971.0	60985.0	28662.0	21297.0	18136.0	24712.0	27838.0	1251.0	2733.0	3562.0	0.0	8365.0
	2	7	12	17	22	27	32	37	42	47	52	57	62	67	72	77	82	87	92	97	102	107	112	117	122	127	132	137	142	147	150
SRR6954540.unassembled_2	2880.0	528.0	641.0	306.0	239.0	220.0	300.0	191.0	86.0	24.0	2.0	8.0	6.0	9.0	3.0	5.0	3.0	1.0	2.0	2.0	5.0	13.0	27.0	58.0	42.0	76.0	65.0	620.0	2962.0	187585.0	22073315.0
	150
SRR6954540_1	126761745.0
	150
SRR6954540_2	126761745.0
	22	27	32	37	42	47	52	57	62	67	72	77	82	87	92	97	102	107	112	117	122	127	132	137	142	147	152	157	162	167	172	177	182	187	192	197	202	207	212	217	222	227	232	235
SRR6954543.assembled	136813.0	145770.0	156952.0	164545.0	173961.0	180325.0	200836.0	164132.0	158597.0	158283.0	162876.0	161884.0	154298.0	150308.0	161246.0	167412.0	164909.0	175375.0	171415.0	170570.0	165627.0	150769.0	147920.0	137733.0	153164.0	150127.0	135455.0	111907.0	110878.0	105305.0	97665.0	91613.0	80697.0	78884.0	69476.0	56705.0	44811.0	26419.0	13233.0	3219.0	419.0	14.0	4.0	1.0
	0	2	4	6	8	10	12	14	16	18	20	22	24	26	28	30	32	34	36	38	40	42	44	46	48	50	52	54	56	58	60	62	64	66	68	70	72	74	76	78	80	82	84	86	88	90	92	94	96
SRR6954543.unassembled_1	851581.0	79861.0	56813.0	41766.0	31825.0	46587.0	57188.0	64140.0	51922.0	41811.0	58653.0	71770.0	81259.0	65890.0	53198.0	75109.0	94809.0	112313.0	97389.0	78460.0	101201.0	118245.0	128930.0	100167.0	76315.0	101795.0	136139.0	175748.0	184308.0	244132.0	351836.0	469129.0	594248.0	547659.0	498411.0	547386.0	501001.0	378939.0	210523.0	108040.0	58783.0	24289.0	11142.0	5648.0	257.0	365.0	413.0	0.0	988.0
	2	7	12	17	22	27	32	37	42	47	52	57	62	67	72	77	82	87	92	97	102	107	112	117	122	127	132	137	142	147	150
SRR6954543.unassembled_2	89.0	28.0	39.0	21.0	15.0	13.0	24.0	13.0	8.0	0.0	1.0	4.0	0.0	0.0	0.0	1.0	0.0	1.0	1.0	0.0	0.0	7.0	2.0	7.0	3.0	11.0	22.0	173.0	870.0	73129.0	7713899.0
	150
SRR6954543_1	56160854.0
	150
SRR6954543_2	56160854.0
	22	27	32	37	42	47	52	57	62	67	72	77	82	87	92	97	102	107	112	117	122	127	132	137	142	147	152	157	162	167	172	177	182	187	192	197	202	207	212	217	222	227	232	235
SRR6954544.assembled	445526.0	492208.0	521771.0	545914.0	575728.0	615459.0	711895.0	541567.0	517048.0	517571.0	530761.0	529598.0	507976.0	498513.0	521471.0	551308.0	534870.0	562986.0	556470.0	566482.0	536898.0	493150.0	479237.0	443285.0	502364.0	490419.0	429532.0	339691.0	328739.0	314860.0	293514.0	264443.0	227943.0	220101.0	181331.0	142555.0	104624.0	55254.0	23776.0	5375.0	1111.0	210.0	54.0	7.0
	0	2	4	6	8	10	12	14	16	18	20	22	24	26	28	30	32	34	36	38	40	42	44	46	48	50	52	54	56	58	60	62	64	66	68	70	72	74	76	78	80	82	84	86	88	90	92	94	96
SRR6954544.unassembled_1	2569698.0	232115.0	166436.0	120490.0	91861.0	140509.0	167034.0	190427.0	156985.0	119594.0	178382.0	216822.0	241641.0	201385.0	160743.0	232599.0	300417.0	372207.0	325041.0	270413.0	346697.0	386832.0	414797.0	320369.0	233172.0	315019.0	431006.0	569048.0	608955.0	790239.0	1138822.0	1437667.0	1670805.0	1471805.0	1265061.0	1265812.0	1027904.0	650223.0	303069.0	131019.0	72871.0	41145.0	32333.0	23313.0	1529.0	3121.0	3558.0	0.0	7853.0
	2	7	12	17	22	27	32	37	42	47	52	57	62	67	72	77	82	87	92	97	102	107	112	117	122	127	132	137	142	147	150
SRR6954544.unassembled_2	687.0	185.0	170.0	150.0	155.0	157.0	153.0	102.0	49.0	18.0	3.0	7.0	2.0	2.0	0.0	3.0	2.0	4.0	0.0	0.0	4.0	8.0	15.0	51.0	29.0	79.0	77.0	588.0	3080.0	193445.0	21219618.0
	150
SRR6954544_1	94369877.0
	150
SRR6954544_2	94369877.0
	22	27	32	37	42	47	52	57	62	67	72	77	82	87	92	97	102	107	112	117	122	127	132	137	142	147	152	157	162	167	172	177	182	187	192	197	202	207	212	217	222	227	232	235
SRR6954545.assembled	54449.0	39826.0	39424.0	39904.0	40113.0	40967.0	46279.0	35487.0	34500.0	34573.0	35362.0	35254.0	33164.0	31534.0	32484.0	34342.0	34218.0	35657.0	34446.0	34015.0	33597.0	30222.0	29479.0	27745.0	31670.0	31700.0	28143.0	22982.0	22575.0	21742.0	19864.0	18649.0	16417.0	16232.0	13695.0	11313.0	9329.0	4924.0	2219.0	508.0	113.0	11.0	5.0	1.0
	0	2	4	6	8	10	12	14	16	18	20	22	24	26	28	30	32	34	36	38	40	42	44	46	48	50	52	54	56	58	60	62	64	66	68	70	72	74	76	78	80	82	84	86	88	90	92	94	96
SRR6954545.unassembled_1	149494.0	14227.0	10245.0	7339.0	5780.0	8455.0	10409.0	11893.0	9925.0	7748.0	11291.0	13983.0	15834.0	13206.0	10885.0	15441.0	20358.0	24623.0	21123.0	17441.0	22871.0	27404.0	30827.0	24462.0	18314.0	25002.0	32928.0	43500.0	45349.0	58483.0	86519.0	116904.0	147154.0	138407.0	128527.0	139619.0	117310.0	77449.0	36514.0	16606.0	9632.0	5605.0	3924.0	2372.0	190.0	177.0	324.0	0.0	640.0
	2	7	12	17	22	27	32	37	42	47	52	57	62	67	72	77	82	87	92	97	102	107	112	117	122	127	132	137	142	147	150
SRR6954545.unassembled_2	29.0	10.0	18.0	8.0	4.0	6.0	1.0	6.0	1.0	1.0	0.0	0.0	0.0	0.0	0.0	2.0	0.0	0.0	0.0	1.0	0.0	5.0	3.0	5.0	2.0	12.0	4.0	49.0	222.0	14731.0	1741593.0
	150
SRR6954545_1	25174267.0
	150
SRR6954545_2	25174267.0
	22	27	32	37	42	47	52	57	62	67	72	77	82	87	92	97	102	107	112	117	122	127	132	137	142	147	152	157	162	167	172	177	182	187	192	197	202	207	212	217	222	227	231
SRR6954546.assembled	70875.0	72130.0	73332.0	75011.0	76594.0	76498.0	85504.0	70083.0	66976.0	66950.0	68762.0	69128.0	64463.0	62912.0	63805.0	68550.0	67781.0	72194.0	69558.0	69053.0	67394.0	60926.0	60417.0	57343.0	65800.0	65842.0	58087.0	47772.0	47140.0	45828.0	42469.0	39931.0	34908.0	34767.0	30093.0	24815.0	19255.0	10455.0	4669.0	1056.0	178.0	24.0	2.0
	0	2	4	6	8	10	12	14	16	18	20	22	24	26	28	30	32	34	36	38	40	42	44	46	48	50	52	54	56	58	60	62	64	66	68	70	72	74	76	78	80	82	84	86	88	90	92	94	96
SRR6954546.unassembled_1	264881.0	26553.0	19490.0	14342.0	11238.0	16372.0	20653.0	23885.0	19999.0	15299.0	22772.0	27916.0	32497.0	26573.0	22220.0	31856.0	41428.0	50230.0	43673.0	37032.0	49181.0	57964.0	64676.0	50958.0	38005.0	53059.0	70438.0	93985.0	99583.0	129560.0	192561.0	260608.0	327964.0	306937.0	283529.0	308419.0	264529.0	175177.0	83791.0	38096.0	21630.0	11456.0	7390.0	4406.0	341.0	382.0	478.0	0.0	964.0
	2	7	12	17	22	27	32	37	42	47	52	57	62	67	72	77	82	87	92	97	102	107	112	117	122	127	132	137	142	147	150
SRR6954546.unassembled_2	32.0	4.0	9.0	8.0	4.0	10.0	8.0	1.0	0.0	0.0	0.0	0.0	1.0	0.0	0.0	0.0	0.0	0.0	0.0	0.0	0.0	4.0	4.0	4.0	2.0	9.0	3.0	69.0	380.0	29411.0	3735013.0
	150
SRR6954546_1	28368631.0
	150
SRR6954546_2	28368631.0
	22	27	32	37	42	47	52	57	62	67	72	77	82	87	92	97	102	107	112	117	122	127	132	137	142	147	152	157	162	167	172	177	182	187	192	197	202	207	212	217	222	227	232
SRR6954548.assembled	71084.0	83969.0	100681.0	100646.0	99421.0	111654.0	113943.0	90428.0	76531.0	88477.0	78092.0	88178.0	93246.0	83763.0	111851.0	97356.0	148110.0	102263.0	107410.0	103336.0	136296.0	92259.0	97846.0	124093.0	117835.0	96114.0	96867.0	64129.0	60382.0	64091.0	58296.0	59599.0	66549.0	54189.0	47269.0	36848.0	27343.0	15995.0	7477.0	1655.0	145.0	11.0	2.0
	0	2	4	6	8	10	12	14	16	18	20	22	24	26	28	30	32	34	36	38	40	42	44	46	48	50	52	54	56	58	60	62	64	66	68	70	72	74	76	78	80	82	84	86	88	90	92	94	96
SRR6954548.unassembled_1	301004.0	29435.0	22400.0	16404.0	12844.0	20033.0	24100.0	27949.0	24223.0	20352.0	29581.0	36997.0	41668.0	37644.0	34275.0	47911.0	60715.0	69223.0	57898.0	48221.0	67762.0	81565.0	89459.0	67358.0	48007.0	68473.0	101779.0	146675.0	167367.0	227939.0	343700.0	455430.0	575267.0	485297.0	370962.0	507249.0	484593.0	342885.0	168892.0	75659.0	37233.0	14799.0	6737.0	3397.0	309.0	615.0	955.0	0.0	2418.0
	2	7	12	17	22	27	32	37	42	47	52	57	62	67	72	77	82	87	92	97	102	107	112	117	122	127	132	137	142	147	150
SRR6954548.unassembled_2	52.0	29.0	54.0	23.0	5.0	8.0	13.0	8.0	2.0	1.0	0.0	0.0	0.0	0.0	0.0	0.0	0.0	0.0	0.0	0.0	1.0	3.0	4.0	11.0	3.0	15.0	4.0	59.0	375.0	42449.0	5862539.0
	150
SRR6954548_1	46296902.0
	150
SRR6954548_2	46296902.0
	22	27	32	37	42	47	52	57	62	67	72	77	82	87	92	97	102	107	112	117	122	127	132	137	142	147	152	157	162	167	172	177	182	187	192	197	202	207	212	217	222	227	232
SRR6954560.assembled	691215.0	769216.0	844262.0	889959.0	908911.0	963261.0	1099706.0	863355.0	885351.0	870277.0	911770.0	951721.0	904538.0	904118.0	934137.0	1025004.0	1012957.0	1066258.0	1103235.0	1093302.0	1074376.0	1019311.0	994108.0	931701.0	1062807.0	1016247.0	944128.0	790491.0	758157.0	739299.0	654735.0	621909.0	548195.0	494812.0	431133.0	304968.0	221932.0	115901.0	40305.0	8577.0	1320.0	190.0	44.0
	0	2	4	6	8	10	12	14	16	18	20	22	24	26	28	30	32	34	36	38	40	42	44	46	48	50	52	54	56	58	60	62	64	66	68	70	72	74	76	78	80	82	84	86	88	90	92	94	96
SRR6954560.unassembled_1	3947357.0	405270.0	295361.0	216757.0	166302.0	247926.0	302164.0	342974.0	285400.0	225815.0	330807.0	403996.0	442643.0	361526.0	286045.0	403581.0	504504.0	599820.0	494805.0	394418.0	521095.0	614199.0	670403.0	532334.0	408202.0	569585.0	788593.0	1055953.0	1137961.0	1374391.0	1985286.0	2554620.0	3011554.0	2782871.0	2447031.0	2458087.0	1993820.0	1242581.0	584654.0	256328.0	139932.0	72969.0	54919.0	41567.0	2582.0	4094.0	5550.0	0.0	11961.0
	2	7	12	17	22	27	32	37	42	47	52	57	62	67	72	77	82	87	92	97	102	107	112	117	122	127	132	137	142	147	150
SRR6954560.unassembled_2	645.0	242.0	279.0	162.0	177.0	186.0	196.0	130.0	57.0	26.0	6.0	5.0	4.0	5.0	3.0	2.0	1.0	2.0	0.0	2.0	1.0	11.0	18.0	106.0	60.0	139.0	111.0	1225.0	6263.0	385898.0	37584631.0
	150
SRR6954560_1	142937940.0
	150
SRR6954560_2	142937940.0
	22	27	32	37	42	47	52	57	62	67	72	77	82	87	92	97	102	107	112	117	122	127	132	137	142	147	152	157	162	167	172	177	182	187	192	197	202	207	212	217	222	226
SRR6954561.assembled	28007.0	25843.0	27622.0	27923.0	26951.0	27142.0	28871.0	24087.0	24749.0	23624.0	24748.0	25241.0	24711.0	24663.0	25792.0	28447.0	28760.0	30706.0	32506.0	34193.0	34143.0	34845.0	34331.0	35526.0	45552.0	47597.0	45640.0	37464.0	37246.0	36406.0	33972.0	33176.0	30334.0	28327.0	24878.0	19744.0	14146.0	8084.0	2741.0	531.0	44.0	2.0
	0	2	4	6	8	10	12	14	16	18	20	22	24	26	28	30	32	34	36	38	40	42	44	46	48	50	52	54	56	58	60	62	64	66	68	70	72	74	76	78	80	82	84	86	88	90	92	94	96
SRR6954561.unassembled_1	176670.0	24706.0	20221.0	15119.0	11753.0	18503.0	23222.0	27008.0	22860.0	18537.0	28187.0	35650.0	41200.0	33851.0	28679.0	42406.0	53844.0	63782.0	55333.0	44979.0	60210.0	70353.0	76920.0	62053.0	47195.0	62949.0	80663.0	100903.0	101860.0	124524.0	180402.0	236491.0	291361.0	264774.0	237806.0	260138.0	231489.0	154062.0	71846.0	32520.0	15992.0	6576.0	2375.0	329.0	38.0	98.0	190.0	0.0	574.0
	2	7	12	17	22	27	32	37	42	47	52	57	62	67	72	77	82	87	92	97	102	107	112	117	122	127	132	137	142	147	150
SRR6954561.unassembled_2	50.0	18.0	22.0	20.0	3.0	10.0	8.0	8.0	3.0	0.0	0.0	1.0	1.0	0.0	0.0	0.0	1.0	1.0	0.0	1.0	0.0	0.0	5.0	12.0	0.0	4.0	22.0	132.0	482.0	32122.0	3528275.0
	150
SRR6954561_1	36042395.0
	150
SRR6954561_2	36042395.0
	22	27	32	37	42	47	52	57	62	67	72	77	82	87	92	97	102	107	112	117	122	127	132	137	142	147	152	157	162	167	172	177	182	187	192	197	202	207	212	217	222	227	232
SRR6954562.assembled	484930.0	488853.0	528610.0	569936.0	547522.0	594688.0	580853.0	490576.0	455972.0	432403.0	406187.0	436798.0	471371.0	415729.0	460884.0	456540.0	520294.0	552439.0	616466.0	482076.0	466603.0	431296.0	418245.0	410292.0	444526.0	440667.0	420348.0	304474.0	302231.0	288667.0	271553.0	271889.0	256639.0	230816.0	199532.0	154088.0	114252.0	65786.0	25447.0	5812.0	899.0	76.0	33.0
	0	2	4	6	8	10	12	14	16	18	20	22	24	26	28	30	32	34	36	38	40	42	44	46	48	50	52	54	56	58	60	62	64	66	68	70	72	74	76	78	80	82	84	86	88	90	92	94	96
SRR6954562.unassembled_1	1716587.0	204689.0	150122.0	113837.0	90111.0	134346.0	169124.0	192046.0	166525.0	142575.0	203155.0	257552.0	290718.0	267799.0	240135.0	359260.0	492446.0	566577.0	466234.0	322410.0	367349.0	375758.0	381847.0	283223.0	226006.0	348164.0	566152.0	864331.0	963986.0	1280699.0	1548127.0	1842438.0	2162027.0	1899471.0	1513786.0	1505037.0	1169823.0	731338.0	332699.0	144209.0	89977.0	43044.0	30318.0	22210.0	1027.0	1716.0	3138.0	0.0	7586.0
	2	7	12	17	22	27	32	37	42	47	52	57	62	67	72	77	82	87	92	97	102	107	112	117	122	127	132	137	142	147	150
SRR6954562.unassembled_2	228.0	69.0	96.0	64.0	39.0	46.0	59.0	40.0	14.0	4.0	0.0	2.0	1.0	1.0	0.0	2.0	1.0	0.0	0.0	2.0	1.0	5.0	17.0	40.0	29.0	55.0	55.0	581.0	3143.0	224793.0	25022347.0
	150
SRR6954562_1	166549141.0
	150
SRR6954562_2	166549141.0
	22	27	32	37	42	47	52	57	62	67	72	77	82	87	92	97	102	107	112	117	122	127	132	137	142	147	152	157	162	167	172	177	182	187	192	197	202	207	212	217	222	227	232	235
SRR6954563.assembled	153394.0	142663.0	151242.0	156875.0	162536.0	169701.0	183321.0	152069.0	145363.0	152375.0	152104.0	154917.0	151104.0	147851.0	162055.0	165874.0	179152.0	177159.0	182116.0	185028.0	195016.0	166218.0	169485.0	169120.0	183543.0	193670.0	175913.0	135205.0	135391.0	133607.0	125711.0	119473.0	110676.0	104950.0	88281.0	70890.0	52416.0	28035.0	12356.0	2721.0	384.0	30.0	15.0	1.0
	0	2	4	6	8	10	12	14	16	18	20	22	24	26	28	30	32	34	36	38	40	42	44	46	48	50	52	54	56	58	60	62	64	66	68	70	72	74	76	78	80	82	84	86	88	90	92	94	96
SRR6954563.unassembled_1	1003833.0	114132.0	87456.0	64706.0	49625.0	76079.0	95672.0	110630.0	91743.0	74773.0	111134.0	139789.0	161780.0	137060.0	115889.0	164534.0	215370.0	259821.0	219102.0	183950.0	239711.0	280719.0	296333.0	224241.0	159279.0	207817.0	278680.0	367172.0	390918.0	513797.0	731242.0	922133.0	1100118.0	939629.0	785233.0	797834.0	664147.0	439487.0	205710.0	93632.0	50419.0	21553.0	8192.0	1242.0	232.0	420.0	1679.0	0.0	2425.0
	2	7	12	17	22	27	32	37	42	47	52	57	62	67	72	77	82	87	92	97	102	107	112	117	122	127	132	137	142	147	150
SRR6954563.unassembled_2	158.0	54.0	51.0	40.0	32.0	22.0	27.0	51.0	7.0	3.0	1.0	2.0	1.0	2.0	1.0	2.0	1.0	1.0	1.0	2.0	2.0	4.0	6.0	18.0	17.0	31.0	9.0	274.0	1409.0	114059.0	13084784.0
	150
SRR6954563_1	47150676.0
	150
SRR6954563_2	47150676.0
	22	27	32	37	42	47	52	57	62	67	72	77	82	87	92	97	102	107	112	117	122	127	132	137	142	147	152	157	162	167	172	177	182	187	192	197	202	207	212	217	222	227	232
SRR6954564.assembled	103963.0	133024.0	139416.0	121323.0	114538.0	117899.0	140046.0	107636.0	103944.0	113140.0	102356.0	110107.0	100373.0	106229.0	96163.0	112179.0	104670.0	124336.0	143747.0	108467.0	109354.0	102214.0	109723.0	106871.0	137439.0	152737.0	124015.0	92999.0	87584.0	84526.0	71633.0	70337.0	74501.0	70642.0	64879.0	39477.0	25434.0	14117.0	4123.0	1235.0	114.0	12.0	3.0
	0	2	4	6	8	10	12	14	16	18	20	22	24	26	28	30	32	34	36	38	40	42	44	46	48	50	52	54	56	58	60	62	64	66	68	70	72	74	76	78	80	82	84	86	88	90	92	94	96
SRR6954564.unassembled_1	750073.0	92603.0	72419.0	55705.0	45554.0	69455.0	88553.0	108513.0	100571.0	93830.0	139041.0	178752.0	215235.0	193504.0	181427.0	234304.0	295866.0	309485.0	248937.0	190968.0	263813.0	304577.0	297337.0	194108.0	123339.0	156795.0	214412.0	295262.0	322693.0	437973.0	633372.0	824152.0	965127.0	802248.0	615632.0	574612.0	453468.0	267141.0	115576.0	48716.0	25687.0	11778.0	4241.0	936.0	137.0	274.0	549.0	0.0	1652.0
	2	7	12	17	22	27	32	37	42	47	52	57	62	67	72	77	82	87	92	97	102	107	112	117	122	127	132	137	142	147	150
SRR6954564.unassembled_2	101.0	27.0	67.0	40.0	23.0	15.0	29.0	13.0	5.0	0.0	1.0	0.0	1.0	1.0	0.0	1.0	0.0	1.0	0.0	2.0	1.0	7.0	10.0	19.0	13.0	38.0	35.0	241.0	1068.0	101136.0	11517507.0
	150
SRR6954564_1	51389209.0
	150
SRR6954564_2	51389209.0
	22	27	32	37	42	47	52	57	62	67	72	77	82	87	92	97	102	107	112	117	122	127	132	137	142	147	152	157	162	167	172	177	182	187	192	197	202	207	212	217	222	227	232	235
SRR6954565.assembled	71232.0	64810.0	65954.0	67847.0	69240.0	76889.0	87772.0	63754.0	61921.0	62747.0	63838.0	64028.0	63332.0	62841.0	68928.0	73189.0	76095.0	82246.0	85965.0	91411.0	90922.0	86256.0	90486.0	89960.0	106497.0	113667.0	106757.0	88436.0	90648.0	90947.0	90547.0	85971.0	81106.0	79852.0	71136.0	57292.0	43586.0	23506.0	10507.0	2748.0	482.0	36.0	8.0	2.0
	0	2	4	6	8	10	12	14	16	18	20	22	24	26	28	30	32	34	36	38	40	42	44	46	48	50	52	54	56	58	60	62	64	66	68	70	72	74	76	78	80	82	84	86	88	90	92	94	96
SRR6954565.unassembled_1	870195.0	100120.0	79668.0	57690.0	43406.0	68951.0	85010.0	101188.0	83313.0	67255.0	98885.0	125203.0	145664.0	124396.0	102934.0	152384.0	190094.0	227897.0	197065.0	160459.0	207883.0	234526.0	252835.0	200035.0	156998.0	222926.0	326911.0	441342.0	482130.0	576057.0	772177.0	955869.0	1069321.0	937467.0	793316.0	768555.0	616406.0	386310.0	191382.0	91967.0	54087.0	29432.0	17201.0	7304.0	1045.0	1276.0	2286.0	0.0	4194.0
	2	7	12	17	22	27	32	37	42	47	52	57	62	67	72	77	82	87	92	97	102	107	112	117	122	127	132	137	142	147	150
SRR6954565.unassembled_2	199.0	68.0	131.0	69.0	26.0	29.0	60.0	38.0	9.0	7.0	0.0	1.0	2.0	3.0	1.0	2.0	4.0	2.0	1.0	5.0	6.0	8.0	9.0	24.0	15.0	53.0	58.0	389.0	1417.0	100860.0	12779519.0
	150
SRR6954565_1	63471909.0
	150
SRR6954565_2	63471909.0
	22	27	32	37	42	47	52	57	62	67	72	77	82	87	92	97	102	107	112	117	122	127	132	137	142	147	152	157	162	167	172	177	182	187	192	197	202	207	212	217	222	226
SRR6954566.assembled	11965.0	10925.0	10535.0	11059.0	10614.0	10488.0	11298.0	9846.0	9262.0	9034.0	9093.0	8760.0	8652.0	8199.0	8266.0	8570.0	8283.0	8620.0	8430.0	8439.0	7945.0	7320.0	7271.0	6945.0	7346.0	7532.0	6903.0	5323.0	5311.0	4803.0	4509.0	4238.0	3771.0	3502.0	3285.0	2672.0	2028.0	1269.0	690.0	218.0	30.0	2.0
	0	2	4	6	8	10	12	14	16	18	20	22	24	26	28	30	32	34	36	38	40	42	44	46	48	50	52	54	56	58	60	62	64	66	68	70	72	74	76	78	80	82	84	86	88	90	92	94	96
SRR6954566.unassembled_1	19248.0	1840.0	1449.0	1277.0	953.0	1232.0	1399.0	1722.0	1890.0	1036.0	1474.0	2159.0	2539.0	2787.0	1588.0	2223.0	2848.0	3542.0	4066.0	2557.0	3645.0	4180.0	4773.0	4965.0	2892.0	3870.0	4805.0	6166.0	8282.0	7410.0	12431.0	15938.0	19346.0	22190.0	16657.0	15227.0	15987.0	12440.0	6862.0	3246.0	1717.0	930.0	483.0	212.0	21.0	13.0	27.0	12.0	39.0
	2	7	12	17	22	27	32	37	42	47	52	57	62	67	72	77	82	87	92	97	102	107	112	117	122	127	132	137	142	147	151
SRR6954566.unassembled_2	21.0	1.0	5.0	4.0	0.0	2.0	0.0	1.0	0.0	1.0	0.0	0.0	0.0	0.0	0.0	0.0	0.0	0.0	0.0	0.0	1.0	0.0	0.0	0.0	2.0	0.0	2.0	2.0	14.0	2247.0	250292.0
	151
SRR6954566_1	25773332.0
	151
SRR6954566_2	25773332.0
	22	27	32	37	42	47	52	57	62	67	72	77	82	87	92	97	102	107	112	117	122	127	132	137	142	147	152	157	162	167	172	177	182	187	192	197	202	207	212	217	222	227	232	236
SRR6954567.assembled	25426.0	21387.0	20574.0	20737.0	19851.0	20031.0	21949.0	18253.0	17543.0	17068.0	16818.0	16603.0	15828.0	15112.0	15047.0	15435.0	15528.0	15999.0	15207.0	15185.0	14445.0	13241.0	13045.0	12612.0	13295.0	13719.0	12521.0	9701.0	9547.0	8651.0	7972.0	7722.0	6741.0	6571.0	5740.0	4666.0	3760.0	2248.0	1279.0	277.0	55.0	7.0	1.0	1.0
	0	2	4	6	8	10	12	14	16	18	20	22	24	26	28	30	32	34	36	38	40	42	44	46	48	50	52	54	56	58	60	62	64	66	68	70	72	74	76	78	80	82	84	86	88	90	92	94	96
SRR6954567.unassembled_1	35665.0	3362.0	2516.0	2245.0	1585.0	2023.0	2496.0	2922.0	3149.0	1899.0	2570.0	3710.0	4168.0	4832.0	2769.0	3774.0	5058.0	6007.0	7151.0	4534.0	6235.0	7309.0	8268.0	8897.0	5014.0	6345.0	8571.0	10742.0	14517.0	13235.0	22499.0	29083.0	35818.0	41895.0	31964.0	29815.0	31398.0	23811.0	12782.0	5880.0	2956.0	1633.0	775.0	358.0	33.0	35.0	34.0	15.0	70.0
	2	7	12	17	22	27	32	37	42	47	52	57	62	67	72	77	82	87	92	97	102	107	112	117	122	127	132	137	142	147	151
SRR6954567.unassembled_2	28.0	2.0	7.0	11.0	2.0	2.0	2.0	5.0	0.0	1.0	0.0	0.0	0.0	0.0	0.0	0.0	0.0	0.0	0.0	0.0	1.0	0.0	0.0	2.0	1.0	1.0	2.0	8.0	21.0	3378.0	458948.0
	151
SRR6954567_1	25874031.0
	151
SRR6954567_2	25874031.0
	22	27	32	37	42	47	52	57	62	67	72	77	82	87	92	97	102	107	112	117	122	127	132	137	142	147	152	157	162	167	172	177	182	187	192	197	202	207	212	217	222	227	232	235
SRR6954568.assembled	93356.0	55258.0	51627.0	49683.0	45032.0	44104.0	41247.0	36308.0	34243.0	35097.0	35764.0	34653.0	33184.0	31782.0	31770.0	32976.0	34010.0	33821.0	32827.0	31854.0	33252.0	28970.0	30222.0	29713.0	34769.0	35999.0	33337.0	25981.0	26427.0	26536.0	24685.0	24044.0	21941.0	21552.0	19436.0	16749.0	13619.0	7826.0	4369.0	1201.0	254.0	27.0	5.0	1.0
	0	2	4	6	8	10	12	14	16	18	20	22	24	26	28	30	32	34	36	38	40	42	44	46	48	50	52	54	56	58	60	62	64	66	68	70	72	74	76	78	80	82	84	86	88	90	92	94	96
SRR6954568.unassembled_1	37574.0	5850.0	4908.0	5381.0	3145.0	4324.0	5827.0	7220.0	8360.0	5315.0	7464.0	10235.0	12668.0	15074.0	9573.0	13620.0	18958.0	23649.0	28735.0	18081.0	23456.0	28593.0	33507.0	35593.0	19308.0	25728.0	37673.0	51980.0	74861.0	69307.0	117424.0	155413.0	193638.0	222412.0	169553.0	166487.0	172790.0	129491.0	68176.0	30402.0	16459.0	9931.0	5734.0	5707.0	333.0	260.0	348.0	218.0	780.0
	2	7	12	17	22	27	32	37	42	47	52	57	62	67	72	77	82	87	92	97	102	107	112	117	122	127	132	137	142	147	151
SRR6954568.unassembled_2	14.0	2.0	10.0	11.0	2.0	0.0	1.0	3.0	0.0	1.0	0.0	0.0	0.0	0.0	0.0	0.0	0.0	1.0	0.0	1.0	0.0	2.0	2.0	4.0	4.0	8.0	5.0	39.0	101.0	15589.0	2095723.0
	151
SRR6954568_1	33919184.0
	151
SRR6954568_2	33919184.0
	22	27	32	37	42	47	52	57	62	67	72	77	82	87	92	97	102	107	112	117	122	127	132	137	142	147	152	157	162	167	172	177	182	187	192	197	202	207	212	217	222	227	232	235
SRR6954572.assembled	380706.0	422657.0	406501.0	381477.0	397727.0	456777.0	448749.0	498107.0	470655.0	412667.0	462339.0	420944.0	381398.0	387703.0	376278.0	367620.0	386132.0	414824.0	491535.0	517135.0	475604.0	417729.0	444764.0	353469.0	448281.0	449382.0	396836.0	383389.0	395477.0	377050.0	373600.0	485784.0	379076.0	337985.0	297819.0	231664.0	191648.0	117549.0	60374.0	14604.0	1555.0	156.0	41.0	3.0
	0	2	4	6	8	10	12	14	16	18	20	22	24	26	28	30	32	34	36	38	40	42	44	46	48	50	52	54	56	58	60	62	64	66	68	70	72	74	76	78	80	82	84	86	88	90	92	94	96
SRR6954572.unassembled_1	2040589.0	260537.0	194288.0	148278.0	121375.0	176858.0	212914.0	232287.0	193322.0	161710.0	235180.0	279541.0	323751.0	265301.0	201647.0	275857.0	325820.0	375629.0	312638.0	248913.0	347727.0	406656.0	435986.0	323564.0	243708.0	369306.0	559232.0	753570.0	866476.0	1288211.0	1760726.0	2383820.0	3083603.0	2746246.0	2281652.0	2774472.0	2599780.0	1922915.0	1035186.0	505909.0	319634.0	130212.0	53956.0	27083.0	2882.0	2019.0	3087.0	0.0	7482.0
	2	7	12	17	22	27	32	37	42	47	52	57	62	67	72	77	82	87	92	97	102	107	112	117	122	127	132	137	142	147	150
SRR6954572.unassembled_2	155.0	39.0	76.0	49.0	24.0	24.0	34.0	19.0	14.0	2.0	0.0	0.0	0.0	0.0	2.0	4.0	1.0	2.0	1.0	1.0	4.0	5.0	6.0	20.0	15.0	49.0	23.0	449.0	2343.0	264227.0	33553947.0
	150
SRR6954572_1	148398683.0
	150
SRR6954572_2	148398683.0
	22	27	32	37	42	47	52	57	62	67	72	77	82	87	92	97	102	107	112	117	122	127	132	137	142	147	152	157	162	167	172	177	182	187	192	197	202	207	212	217	222	227	232	235
SRR6954573.assembled	259185.0	270455.0	263256.0	236498.0	242886.0	274338.0	323758.0	249270.0	217991.0	206647.0	219352.0	205650.0	196138.0	176510.0	165081.0	164433.0	164995.0	166503.0	176241.0	206245.0	177386.0	151298.0	141447.0	113912.0	135065.0	160507.0	128719.0	117202.0	137183.0	117079.0	114863.0	123451.0	83767.0	67488.0	62002.0	58666.0	51347.0	32937.0	18180.0	6526.0	1099.0	121.0	8.0	2.0
	0	2	4	6	8	10	12	14	16	18	20	22	24	26	28	30	32	34	36	38	40	42	44	46	48	50	52	54	56	58	60	62	64	66	68	70	72	74	76	78	80	82	84	86	88	90	92	94	96
SRR6954573.unassembled_1	556658.0	58175.0	39189.0	36185.0	22346.0	28206.0	33506.0	37028.0	39237.0	23536.0	29781.0	36010.0	39929.0	43813.0	25256.0	32229.0	40750.0	47272.0	54726.0	33248.0	43061.0	52510.0	62616.0	69807.0	49327.0	68886.0	97666.0	136264.0	191361.0	187100.0	317755.0	405525.0	507461.0	589794.0	421484.0	407956.0	498143.0	408047.0	250358.0	129384.0	78093.0	42333.0	20859.0	26577.0	753.0	510.0	562.0	321.0	1487.0
	2	7	12	17	22	27	32	37	42	47	52	57	62	67	72	77	82	87	92	97	102	107	112	117	122	127	132	137	142	147	151
SRR6954573.unassembled_2	39.0	12.0	17.0	10.0	2.0	7.0	9.0	4.0	3.0	0.0	0.0	0.0	0.0	0.0	0.0	0.0	1.0	1.0	0.0	0.0	0.0	2.0	9.0	3.0	6.0	14.0	16.0	57.0	236.0	37798.0	6284834.0
	151
SRR6954573_1	51588486.0
	151
SRR6954573_2	51588486.0
	22	27	32	37	42	47	52	57	62	67	72	77	82	87	92	97	102	107	112	117	122	127	132	137	142	147	152	157	162	167	172	177	182	187	192	197	202	207	212	217	222	227	232	236
SRR6954574.assembled	164277.0	183625.0	185228.0	167725.0	172495.0	195008.0	219441.0	185730.0	167117.0	158369.0	172299.0	163005.0	157298.0	141241.0	132939.0	134159.0	133540.0	135413.0	144775.0	174431.0	151716.0	130293.0	123576.0	99418.0	118093.0	143623.0	115905.0	106359.0	128933.0	107905.0	106759.0	115777.0	77570.0	62313.0	56019.0	52332.0	44511.0	28592.0	15658.0	5369.0	869.0	68.0	6.0	3.0
	0	2	4	6	8	10	12	14	16	18	20	22	24	26	28	30	32	34	36	38	40	42	44	46	48	50	52	54	56	58	60	62	64	66	68	70	72	74	76	78	80	82	84	86	88	90	92	94	96
SRR6954574.unassembled_1	413147.0	44338.0	30243.0	27782.0	17662.0	22363.0	26427.0	29360.0	32029.0	19291.0	24736.0	29552.0	32910.0	36693.0	21380.0	27406.0	34661.0	40828.0	47941.0	28894.0	37888.0	47116.0	55002.0	61365.0	41965.0	59372.0	84403.0	119442.0	168725.0	168208.0	285308.0	360597.0	446426.0	515694.0	362214.0	349849.0	420447.0	336909.0	200801.0	100295.0	58353.0	31545.0	14491.0	16793.0	485.0	351.0	410.0	260.0	1218.0
	2	7	12	17	22	27	32	37	42	47	52	57	62	67	72	77	82	87	92	97	102	107	112	117	122	127	132	137	142	147	151
SRR6954574.unassembled_2	19.0	7.0	9.0	6.0	5.0	2.0	1.0	0.0	0.0	0.0	0.0	0.0	0.0	1.0	0.0	1.0	1.0	0.0	0.0	0.0	0.0	3.0	5.0	4.0	6.0	8.0	5.0	75.0	216.0	32866.0	5300335.0
	151
SRR6954574_1	42936547.0
	151
SRR6954574_2	42936547.0
	22	27	32	37	42	47	52	57	62	67	72	77	82	87	92	97	102	107	112	117	122	127	132	137	142	147	152	157	162	167	172	177	182	187	192	197	202	207	212	217	222	227	232
SRR6954575.assembled	264139.0	282793.0	305620.0	315097.0	327364.0	340134.0	379071.0	311519.0	309656.0	307875.0	312371.0	319424.0	313586.0	310709.0	332486.0	351345.0	354882.0	388940.0	393168.0	419217.0	415883.0	386525.0	396270.0	393292.0	444870.0	483990.0	437630.0	365456.0	369605.0	366163.0	355952.0	329192.0	293489.0	291727.0	243063.0	193579.0	144775.0	74749.0	31461.0	7846.0	1504.0	183.0	11.0
	0	2	4	6	8	10	12	14	16	18	20	22	24	26	28	30	32	34	36	38	40	42	44	46	48	50	52	54	56	58	60	62	64	66	68	70	72	74	76	78	80	82	84	86	88	90	92	94	96
SRR6954575.unassembled_1	3195278.0	387576.0	291646.0	218033.0	174342.0	263809.0	319942.0	378606.0	311384.0	241720.0	367670.0	472788.0	532821.0	454291.0	367297.0	527289.0	692404.0	821321.0	710944.0	600246.0	764557.0	868970.0	912549.0	703224.0	500302.0	692280.0	967765.0	1312362.0	1468483.0	1865629.0	2594893.0	3218055.0	3669916.0	3235637.0	2700216.0	2542045.0	2028815.0	1272234.0	605512.0	270131.0	150484.0	78969.0	50967.0	23707.0	3418.0	6824.0	10058.0	0.0	23803.0
	2	7	12	17	22	27	32	37	42	47	52	57	62	67	72	77	82	87	92	97	102	107	112	117	122	127	132	137	142	147	150
SRR6954575.unassembled_2	549.0	174.0	260.0	149.0	73.0	82.0	76.0	73.0	18.0	9.0	1.0	3.0	6.0	1.0	3.0	1.0	2.0	2.0	2.0	2.0	4.0	14.0	18.0	35.0	36.0	114.0	72.0	788.0	4256.0	386933.0	43477456.0
	150
SRR6954575_1	160603742.0
	150
SRR6954575_2	160603742.0
	22	27	32	37	42	47	52	57	62	67	72	77	82	87	92	97	102	107	112	117	122	127	132	137	142	147	152	157	162	167	172	177	182	187	192	197	202	207	212	217	222	227	232
SRR6954576.assembled	333945.0	300472.0	297243.0	306633.0	293857.0	387213.0	415149.0	314097.0	406500.0	344600.0	317336.0	322461.0	330221.0	329342.0	423227.0	447880.0	468526.0	499401.0	363969.0	447147.0	363022.0	376855.0	355206.0	411189.0	516776.0	456002.0	498998.0	453839.0	505854.0	446488.0	373716.0	412687.0	360985.0	455503.0	283264.0	271907.0	220063.0	145639.0	49442.0	12184.0	1829.0	130.0	23.0
	0	2	4	6	8	10	12	14	16	18	20	22	24	26	28	30	32	34	36	38	40	42	44	46	48	50	52	54	56	58	60	62	64	66	68	70	72	74	76	78	80	82	84	86	88	90	92	94	96
SRR6954576.unassembled_1	2233122.0	284235.0	213430.0	162834.0	138775.0	208682.0	267461.0	310537.0	264769.0	215581.0	324260.0	393281.0	456736.0	401654.0	340499.0	500571.0	619290.0	714990.0	599441.0	535648.0	785188.0	969159.0	1042066.0	775558.0	557763.0	803373.0	1150920.0	1505155.0	1488377.0	1917133.0	2844952.0	3763818.0	4514607.0	4136951.0	3822343.0	4061723.0	3581474.0	2310197.0	1123910.0	529970.0	289571.0	129275.0	68229.0	34181.0	3755.0	5168.0	7812.0	0.0	20979.0
	2	7	12	17	22	27	32	37	42	47	52	57	62	67	72	77	82	87	92	97	102	107	112	117	122	127	132	137	142	147	150
SRR6954576.unassembled_2	322.0	92.0	211.0	98.0	34.0	31.0	64.0	35.0	17.0	6.0	0.0	3.0	0.0	2.0	3.0	0.0	0.0	1.0	0.0	4.0	2.0	12.0	23.0	50.0	42.0	104.0	69.0	960.0	4395.0	574668.0	50848155.0
	150
SRR6954576_1	150550340.0
	150
SRR6954576_2	150550340.0
	22	27	32	37	42	47	52	57	62	67	72	77	82	87	92	97	102	107	112	117	122	127	132	137	142	147	152	157	162	167	172	177	182	187	192	197	202	207	212	217	222	227	232	235
SRR6954577.assembled	461834.0	528390.0	545263.0	576441.0	573381.0	577797.0	566611.0	529249.0	521747.0	511212.0	520812.0	510714.0	519646.0	533576.0	553274.0	549352.0	545244.0	586720.0	565384.0	556543.0	555525.0	560986.0	568495.0	580712.0	608462.0	682992.0	600691.0	474886.0	470871.0	474650.0	435509.0	449702.0	405129.0	372095.0	315195.0	256684.0	183039.0	112072.0	47114.0	12910.0	2445.0	244.0	55.0	6.0
	0	2	4	6	8	10	12	14	16	18	20	22	24	26	28	30	32	34	36	38	40	42	44	46	48	50	52	54	56	58	60	62	64	66	68	70	72	74	76	78	80	82	84	86	88	90	92	94	96
SRR6954577.unassembled_1	2293893.0	336745.0	268471.0	201468.0	156751.0	233047.0	291634.0	348125.0	289872.0	233252.0	356240.0	445952.0	518874.0	421459.0	338741.0	478878.0	630974.0	746833.0	646792.0	539483.0	740219.0	912169.0	1037070.0	832997.0	604038.0	799850.0	1085519.0	1466844.0	1567345.0	2242042.0	3104609.0	3914307.0	4797721.0	4165063.0	3305409.0	3177371.0	2626025.0	1771678.0	875057.0	423565.0	259749.0	134435.0	76333.0	40666.0	3656.0	4725.0	11943.0	0.0	13549.0
	2	7	12	17	22	27	32	37	42	47	52	57	62	67	72	77	82	87	92	97	102	107	112	117	122	127	132	137	142	147	150
SRR6954577.unassembled_2	223.0	61.0	100.0	62.0	38.0	35.0	42.0	26.0	14.0	4.0	2.0	0.0	3.0	2.0	0.0	1.0	0.0	1.0	1.0	0.0	2.0	8.0	9.0	35.0	27.0	80.0	54.0	630.0	4516.0	439279.0	49326183.0
	150
SRR6954577_1	180674565.0
	150
SRR6954577_2	180674565.0
	22	27	32	37	42	47	52	57	62	67	72	77	82	87	92	97	102	107	112	117	122	127	132	137	142	147	152	157	162	167	172	177	182	187	192	197	202	207	212	217	222	227	232	235
SRR6954578.assembled	132179.0	151268.0	169764.0	186052.0	197542.0	244679.0	319139.0	205771.0	200962.0	200866.0	207940.0	220070.0	225913.0	249454.0	259931.0	275394.0	285361.0	316333.0	333141.0	352473.0	351708.0	370775.0	385541.0	382380.0	411497.0	482976.0	437445.0	349894.0	352142.0	359460.0	341775.0	364100.0	326355.0	308834.0	260981.0	208949.0	153024.0	90933.0	40731.0	12277.0	3031.0	353.0	71.0	4.0
	0	2	4	6	8	10	12	14	16	18	20	22	24	26	28	30	32	34	36	38	40	42	44	46	48	50	52	54	56	58	60	62	64	66	68	70	72	74	76	78	80	82	84	86	88	90	92	94	96
SRR6954578.unassembled_1	4986261.0	618475.0	488650.0	355062.0	269154.0	423330.0	513745.0	606418.0	493723.0	401199.0	580672.0	715106.0	811836.0	675849.0	536548.0	770980.0	940695.0	1106815.0	927485.0	745157.0	1014793.0	1187744.0	1325377.0	1099570.0	870610.0	1153270.0	1574460.0	2020937.0	2112920.0	2434172.0	3152521.0	3832073.0	4157603.0	3484811.0	2742115.0	2577236.0	2091942.0	1395919.0	728662.0	378734.0	259012.0	155237.0	99947.0	41536.0	6203.0	7461.0	10623.0	0.0	19155.0
	2	7	12	17	22	27	32	37	42	47	52	57	62	67	72	77	82	87	92	97	102	107	112	117	122	127	132	137	142	147	150
SRR6954578.unassembled_2	311.0	87.0	270.0	120.0	38.0	37.0	70.0	49.0	24.0	8.0	2.0	2.0	2.0	5.0	4.0	1.0	3.0	3.0	1.0	2.0	2.0	15.0	33.0	43.0	33.0	96.0	101.0	792.0	4102.0	334251.0	56561296.0
	150
SRR6954578_1	92063458.0
	150
SRR6954578_2	92063458.0
	22	27	32	37	42	47	52	57	62	67	72	77	82	87	92	97	102	107	112	117	122	127	132	137	142	147	152	157	162	167	172	177	182	187	192	197	202	207	212	217	222	227	232	236
SRR6954579.assembled	243525.0	258243.0	276132.0	313947.0	310029.0	374701.0	616562.0	327502.0	322999.0	312357.0	321417.0	332582.0	339398.0	337981.0	364371.0	397853.0	396128.0	420919.0	434698.0	445104.0	431105.0	412852.0	412262.0	390884.0	410027.0	416546.0	399270.0	344829.0	347396.0	345450.0	322520.0	315313.0	284064.0	267391.0	226173.0	189314.0	145968.0	85786.0	40633.0	12406.0	3176.0	493.0	75.0	5.0
	0	2	4	6	8	10	12	14	16	18	20	22	24	26	28	30	32	34	36	38	40	42	44	46	48	50	52	54	56	58	60	62	64	66	68	70	72	74	76	78	80	82	84	86	88	90	92	94	96
SRR6954579.unassembled_1	3895531.0	351485.0	248430.0	243390.0	138970.0	185627.0	232407.0	271830.0	292592.0	170040.0	228938.0	287651.0	333155.0	365428.0	222025.0	291139.0	365099.0	415341.0	466535.0	283101.0	359995.0	442089.0	506056.0	553614.0	356086.0	469279.0	598445.0	763083.0	973736.0	819744.0	1259654.0	1590479.0	1906760.0	2177826.0	1641033.0	1546095.0	1483682.0	1092908.0	598719.0	283884.0	164128.0	97309.0	70636.0	71847.0	5374.0	5728.0	6292.0	3651.0	9760.0
	2	7	12	17	22	27	32	37	42	47	52	57	62	67	72	77	82	87	92	97	102	107	112	117	122	127	132	137	142	147	151
SRR6954579.unassembled_2	808.0	326.0	400.0	420.0	308.0	228.0	188.0	125.0	48.0	34.0	13.0	12.0	6.0	19.0	14.0	7.0	5.0	13.0	14.0	5.0	9.0	25.0	35.0	76.0	70.0	172.0	215.0	1051.0	3386.0	378996.0	28759578.0
	151
SRR6954579_1	180237541.0
	151
SRR6954579_2	180237541.0
	22	27	32	37	42	47	52	57	62	67	72	77	82	87	92	97	102	107	112	117	122	127	132	137	142	147	152	157	162	167	172	177	182	187	192	197	202	207	212	217	222	227	232	235
SRR6954580.assembled	46433.0	46761.0	49851.0	52421.0	53496.0	53823.0	58579.0	51186.0	51940.0	52345.0	53948.0	55223.0	53634.0	53028.0	55904.0	62380.0	63687.0	70266.0	72039.0	76221.0	76988.0	74730.0	78038.0	79907.0	98806.0	105066.0	97004.0	79634.0	79120.0	79324.0	75374.0	73455.0	66431.0	63712.0	53741.0	43278.0	34019.0	18327.0	8250.0	1999.0	327.0	43.0	19.0	1.0
	0	2	4	6	8	10	12	14	16	18	20	22	24	26	28	30	32	34	36	38	40	42	44	46	48	50	52	54	56	58	60	62	64	66	68	70	72	74	76	78	80	82	84	86	88	90	92	94	96
SRR6954580.unassembled_1	380367.0	51790.0	42440.0	31828.0	24619.0	38409.0	47862.0	55189.0	46389.0	36856.0	56549.0	70511.0	81167.0	66618.0	55638.0	80759.0	104556.0	124180.0	107693.0	87510.0	117581.0	136838.0	151264.0	119364.0	90317.0	121453.0	158954.0	198549.0	199947.0	242664.0	350293.0	457132.0	557609.0	508082.0	451382.0	476957.0	412136.0	275325.0	136303.0	67340.0	37204.0	18009.0	7294.0	1217.0	181.0	458.0	902.0	0.0	2264.0
	2	7	12	17	22	27	32	37	42	47	52	57	62	67	72	77	82	87	92	97	102	107	112	117	122	127	132	137	142	147	150
SRR6954580.unassembled_2	78.0	26.0	42.0	36.0	29.0	21.0	14.0	18.0	3.0	3.0	2.0	3.0	1.0	1.0	0.0	0.0	1.0	0.0	0.0	0.0	0.0	4.0	5.0	11.0	4.0	24.0	15.0	151.0	844.0	59387.0	6827226.0
	150
SRR6954580_1	29225663.0
	150
SRR6954580_2	29225663.0
	22	27	32	37	42	47	52	57	62	67	72	77	82	87	92	97	102	107	112	117	122	127	132	137	142	147	152	157	162	167	172	177	182	187	192	197	202	207	212	217	222	227	232	235
SRR6954582.assembled	545260.0	622645.0	676025.0	732256.0	742406.0	818994.0	936226.0	750890.0	758788.0	747899.0	784572.0	794735.0	793679.0	782211.0	835483.0	897702.0	914153.0	966063.0	981986.0	994657.0	982837.0	963783.0	952602.0	922464.0	1063010.0	1081767.0	959711.0	791242.0	815505.0	780791.0	724506.0	698949.0	616556.0	573971.0	498086.0	404160.0	306018.0	173410.0	73392.0	16983.0	2477.0	207.0	50.0	7.0
	0	2	4	6	8	10	12	14	16	18	20	22	24	26	28	30	32	34	36	38	40	42	44	46	48	50	52	54	56	58	60	62	64	66	68	70	72	74	76	78	80	82	84	86	88	90	92	94	96
SRR6954582.unassembled_1	3881588.0	398612.0	297951.0	219883.0	171613.0	253792.0	314293.0	353214.0	291369.0	232954.0	335045.0	415303.0	475140.0	394396.0	324417.0	463377.0	585695.0	701892.0	598261.0	484389.0	639924.0	754172.0	835042.0	673511.0	519159.0	730342.0	1030009.0	1394050.0	1529245.0	1856811.0	2700097.0	3489602.0	4141813.0	3841118.0	3399981.0	3607887.0	3065887.0	1978395.0	970471.0	440780.0	232279.0	103575.0	64988.0	43275.0	3905.0	4358.0	6046.0	0.0	14918.0
	2	7	12	17	22	27	32	37	42	47	52	57	62	67	72	77	82	87	92	97	102	107	112	117	122	127	132	137	142	147	150
SRR6954582.unassembled_2	495.0	136.0	124.0	146.0	130.0	133.0	120.0	70.0	34.0	18.0	4.0	2.0	4.0	4.0	1.0	2.0	2.0	2.0	2.0	2.0	2.0	7.0	18.0	61.0	59.0	206.0	201.0	1613.0	8494.0	525720.0	48727012.0
	150
SRR6954582_1	137074079.0
	150
SRR6954582_2	137074079.0
	22	27	32	37	42	47	52	57	62	67	72	77	82	87	92	97	102	107	112	117	122	127	132	137	142	147	152	157	162	167	172	177	182	187	192	197	202	207	212	217	222	227	232
SRR6954799.assembled	95181.0	102156.0	107336.0	110532.0	109498.0	119979.0	128406.0	99895.0	97760.0	96932.0	100491.0	104488.0	106117.0	105937.0	111919.0	124772.0	131737.0	140576.0	146458.0	153403.0	156895.0	158758.0	160357.0	161186.0	199120.0	204852.0	187685.0	160347.0	167135.0	160784.0	153236.0	148105.0	133405.0	127969.0	115192.0	93421.0	73863.0	44757.0	21446.0	4699.0	888.0	50.0	19.0
	0	2	4	6	8	10	12	14	16	18	20	22	24	26	28	30	32	34	36	38	40	42	44	46	48	50	52	54	56	58	60	62	64	66	68	70	72	74	76	78	80	82	84	86	88	90	92	94	96
SRR6954799.unassembled_1	309884.0	32328.0	24646.0	17372.0	13756.0	20851.0	25140.0	29058.0	24275.0	18581.0	27364.0	34846.0	40435.0	32621.0	27301.0	39390.0	51567.0	62818.0	53657.0	44804.0	59670.0	69895.0	79013.0	63953.0	50133.0	70117.0	96675.0	127306.0	138386.0	169153.0	250555.0	336118.0	420225.0	395976.0	368803.0	418606.0	385111.0	271713.0	134626.0	60943.0	34692.0	16870.0	9786.0	4963.0	410.0	716.0	982.0	0.0	1955.0
	2	7	12	17	22	27	32	37	42	47	52	57	62	67	72	77	82	87	92	97	102	107	112	117	122	127	132	137	142	147	150
SRR6954799.unassembled_2	80.0	31.0	48.0	20.0	14.0	6.0	16.0	6.0	6.0	2.0	0.0	0.0	1.0	3.0	0.0	2.0	0.0	1.0	0.0	0.0	0.0	7.0	4.0	16.0	6.0	16.0	20.0	168.0	685.0	44070.0	4922817.0
	150
SRR6954799_1	55973902.0
	150
SRR6954799_2	55973902.0

