Sample	r_processed	r_with_adapters	bp_processed	bp_written	percent_trimmed
SRR6954498.assembled.bx	20499765	20497898	2813451615	1901049453	32.42999300700609
SRR6954498.unassembled_2.bx			7247123592	5872615169	18.966261656104514
SRR6954499.assembled.bx	2040032	2039940	250833035	162063956	35.38970813792529
SRR6954499.unassembled_2.bx			362233512	296691250	18.093925555954634
SRR6954500.assembled.bx	2571838	2571734	319221959	207623815	34.959419568000335
SRR6954500.unassembled_2.bx			464720008	379578728	18.320984363556818
SRR6954501.assembled.bx	5979478	5978983	760785379	534282095	29.772297188166654
SRR6954501.unassembled_2.bx			1525122872	1279257114	16.12104588514754
SRR6954502.assembled.bx	1999487	1999322	254085653	175841520	30.79439239333989
SRR6954502.unassembled_2.bx			542025576	457665710	15.563816494150085
SRR6954503.assembled.bx	13946763	13944939	2000464972	1405734559	29.7296089321378
SRR6954503.unassembled_2.bx			9485333436	7670846447	19.129395937874126
SRR6954504.assembled.bx	4278466	4278286	556592507	394840166	29.061178324486498
SRR6954504.unassembled_2.bx			1804159572	1501372864	16.782701081387494
SRR6954505.assembled.bx	5377993	5377703	718911922	519716308	27.707930262978724
SRR6954505.unassembled_2.bx			2323346508	1933195073	16.79264946733464
SRR6954506.assembled.bx	21036458	21035103	2714084484	1859328066	31.493360764520695
SRR6954506.unassembled_2.bx			3876658158	3167149621	18.302066060063478
SRR6954507.assembled.bx	31758107	31755890	4240767940	2711002170	36.07284792857588
SRR6954507.unassembled_2.bx			15070306272	12333300772	18.161578474919533
SRR6954508.assembled.bx	6751097	6750518	1017971162	718328038	29.435325398736587
SRR6954508.unassembled_2.bx			4281438366	3497588271	18.308101810474597
SRR6954509.assembled.bx	30821586	30818186	4221983584	2874232650	31.92222108838972
SRR6954509.unassembled_2.bx			9594894816	7923434994	17.420303755834315
SRR6954510.assembled.bx	26251411	26242883	2678824669	1204004338	55.05475397725629
SRR6954510.unassembled_2.bx			2214511188	1577122435	28.782367705066658
SRR6954511.assembled.bx	1842409	1842062	247030864	166852299	32.45690182259979
SRR6954511.unassembled_2.bx			1301461770	1057615945	18.736303333750634
SRR6954530.assembled.bx	6490105	6489584	927423807	651246918	29.77893029222184
SRR6954530.unassembled_2.bx			4844709978	3954648346	18.37182485725258
SRR6954531.assembled.bx	10133153	10131498	1319643573	847634827	35.76789639697658
SRR6954531.unassembled_2.bx			3023009376	2412165079	20.20649693810278
SRR6954532.assembled.bx	346164	346115	38632211	25252266	34.63416836276857
SRR6954532.unassembled_2.bx			62580568	51125183	18.305019219384523
SRR6954533.assembled.bx	27918137	27914992	3604189255	2470390533	31.45780206816581
SRR6954533.unassembled_2.bx			5476851258	4437071177	18.984997620324272
SRR6954534.assembled.bx	12003853	12001965	1876435017	1320748879	29.613929230995584
SRR6954534.unassembled_2.bx			6435166644	5177522980	19.543295979329418
SRR6954535.assembled.bx	6712650	6711838	1026127629	763185346	25.624715246800946
SRR6954535.unassembled_2.bx			4799764794	3992568236	16.817419032887717
SRR6954538.assembled.bx	5447574	5447412	754444541	555995220	26.304030344889195
SRR6954538.unassembled_2.bx			2490223068	2068702378	16.92702535032496
SRR6954539.assembled.bx	9550072	9547482	1314372572	980775091	25.380739685733488
SRR6954539.unassembled_2.bx			4139622448	3500480864	15.439610544888996
SRR6954540.assembled.bx	32559383	32557348	4349540638	2058028198	52.68401035226745
SRR6954540.unassembled_2.bx			5478897732	3859279498	29.561023279198523
SRR6954543.assembled.bx	5692654	5692397	756945713	530057258	29.97420437203797
SRR6954543.unassembled_2.bx			1915955748	1562027621	18.472667094188022
SRR6954544.assembled.bx	18336856	18333616	2433972399	1658004038	31.880737896568068
SRR6954544.unassembled_2.bx			5269213728	4239950559	19.5335247748751
SRR6954545.assembled.bx	1299347	1299105	160684840	110717683	31.09637287500177
SRR6954545.unassembled_2.bx			432157794	356329882	17.546348359969645
SRR6954546.assembled.bx	2491620	2491361	318534045	224165881	29.625770143345274
SRR6954546.unassembled_2.bx			926188524	769108429	16.959840348874806
SRR6954548.assembled.bx	3584065	3583609	471413855	343584077	27.116253933605748
SRR6954548.unassembled_2.bx			1452797772	1222029651	15.884393922377244
SRR6954560.assembled.bx	34002457	33998817	4716732727	3315523825	29.707193158922447
SRR6954560.unassembled_2.bx			9343355028	7571878298	18.95974973327322
SRR6954561.assembled.bx	1227248	1227170	179205491	131333493	26.71346605110443
SRR6954561.unassembled_2.bx			876062580	724245500	17.329478905490976
SRR6954562.assembled.bx	17283998	17282484	2263350463	1546479814	31.672984839025347
SRR6954562.unassembled_2.bx			6211966416	5080989692	18.206420451452743
SRR6954563.assembled.bx	6128016	6127357	843854736	598725187	29.048785121708438
SRR6954563.unassembled_2.bx			3247485360	2646814553	18.496490065778158
SRR6954564.assembled.bx	4278862	4278660	576997640	398463655	30.941891720735633
SRR6954564.unassembled_2.bx			2858637096	2305368396	19.354282527648273
SRR6954565.assembled.bx	3166115	3165643	477286475	341298499	28.49189807861201
SRR6954565.unassembled_2.bx			3169249734	2597211593	18.04963915790929
SRR6954566.assembled.bx	327543	327521	39567680	27010845	31.735080247312958
SRR6954566.unassembled_2.bx			62644056	51485891	17.812009171309086
SRR6954567.assembled.bx	620239	620180	73285139	49495043	32.462374124718515
SRR6954567.unassembled_2.bx			114681400	94491345	17.605344022657555
SRR6954568.assembled.bx	1565343	1565107	179534459	124031291	30.915050129735818
SRR6954568.unassembled_2.bx			523661176	445489192	14.927970142281467
SRR6954572.assembled.bx	16570433	16569165	2288951229	1654211894	27.730574900772602
SRR6954572.unassembled_2.bx			8320116306	6950083847	16.466506099343945
SRR6954573.assembled.bx	7451303	7450958	929752641	597879834	35.694742059893755
SRR6954573.unassembled_2.bx			1568125576	1303659306	16.865120628579046
SRR6954574.assembled.bx	5751008	5750733	738224371	501751727	32.032624942966024
SRR6954574.unassembled_2.bx			1322728336	1103168134	16.599039729046826
SRR6954575.assembled.bx	13580204	13578096	1998252893	1427944988	28.54032675232564
SRR6954575.unassembled_2.bx			10792381866	8803521962	18.428368535268802
SRR6954576.assembled.bx	15505241	15503888	2278487860	1657718867	27.244779482827703
SRR6954576.unassembled_2.bx			12651671022	10573360907	16.42715900046741
SRR6954577.assembled.bx	20815079	20812669	2819651559	2041709767	27.589997406484507
SRR6954577.unassembled_2.bx			12243811140	10162067900	17.00241220806678
SRR6954578.assembled.bx	11237816	11235847	1819854611	1311981146	27.907364793329638
SRR6954578.unassembled_2.bx			13997885358	11260822873	19.55339978145862
SRR6954579.assembled.bx	13858273	13856215	2097870891	1433382268	31.674428862648252
SRR6954579.unassembled_2.bx			7228454760	5776549774	20.085966284722243
SRR6954580.assembled.bx	2587123	2586560	385080614	287246172	25.406223643343417
SRR6954580.unassembled_2.bx			1694458824	1396223931	17.600598419734748
SRR6954582.assembled.bx	31431057	31428083	4479508718	3270847513	26.982003632300998
SRR6954582.unassembled_2.bx			12119258634	9981831158	17.636619042055507
SRR6954799.assembled.bx	5287259	5286525	785320784	585759009	25.41149795928488
SRR6954799.unassembled_2.bx			1222146450	1020860426	16.469877566636963
