Sample	total_reads	total_tags	total_assigned_tags	cds_exons_total_bases	cds_exons_tag_count	cds_exons_tags_kb	5_utr_exons_total_bases	5_utr_exons_tag_count	5_utr_exons_tags_kb	3_utr_exons_total_bases	3_utr_exons_tag_count	3_utr_exons_tags_kb	introns_total_bases	introns_tag_count	introns_tags_kb	tss_up_1kb_total_bases	tss_up_1kb_tag_count	tss_up_1kb_tags_kb	tss_up_5kb_total_bases	tss_up_5kb_tag_count	tss_up_5kb_tags_kb	tss_up_10kb_total_bases	tss_up_10kb_tag_count	tss_up_10kb_tags_kb	tes_down_1kb_total_bases	tes_down_1kb_tag_count	tes_down_1kb_tags_kb	tes_down_5kb_total_bases	tes_down_5kb_tag_count	tes_down_5kb_tags_kb	tes_down_10kb_total_bases	tes_down_10kb_tag_count	tes_down_10kb_tags_kb	other_intergenic_tag_count	cds_exons_tag_pct	5_utr_exons_tag_pct	3_utr_exons_tag_pct	introns_tag_pct	tss_up_1kb_tag_pct	tss_up_5kb_tag_pct	tss_up_10kb_tag_pct	tes_down_1kb_tag_pct	tes_down_5kb_tag_pct	tes_down_10kb_tag_pct	other_intergenic_tag_pct
SRR6954498.assembled.read_distribution	16986509	19268281	17094428	36512446	3831320	3831320.0	33231493	397990	397990.0	57274166	11286631	11286631.0	1077358172	895840	895840.0	33710595	23494	23494.0	152682166	54419	54419.0	274415636	99208	99208.0	35511308	496659	496659.0	154728310	563471	563471.0	274153740	583439	583439.0	2173853	19.88407787908013	2.0655189739032767	58.57622171900025	4.649299021537002	0.1219309600062403	0.2824278927632413	0.514877274210398	2.577598904645412	2.9243449376724366	3.0279763929122687	11.282028739356665
SRR6954498.unassembled.read_distribution	27159948	39520959	37238245	36512446	21429578	21429578.0	33231493	1016141	1016141.0	57274166	13297671	13297671.0	1077358172	996820	996820.0	33710595	34285	34285.0	152682166	83931	83931.0	274415636	135195	135195.0	35511308	256121	256121.0	154728310	331580	331580.0	274153740	362840	362840.0	2282714	54.2233248945199	2.571144591911345	33.647136447270924	2.5222566081961726	0.08675143738288335	0.21237085871322103	0.3420843102516819	0.648063727400947	0.8389978593383829	0.9180951302320371	5.775958017617943
SRR6954499.assembled.read_distribution	1541483	1823745	1688441	36512446	475284	475284.0	33231493	24324	24324.0	57274166	1118046	1118046.0	1077358172	40612	40612.0	33710595	1953	1953.0	152682166	3994	3994.0	274415636	5768	5768.0	35511308	19135	19135.0	154728310	22125	22125.0	274153740	24407	24407.0	135304	26.060880221741527	1.3337390918138226	61.30495217258992	2.226846406707078	0.10708733951292533	0.218999915010048	0.31627228587329914	1.0492146654274583	1.213163024435982	1.3382901666625542	7.419019654611801
SRR6954499.unassembled.read_distribution	1488478	2480455	2407212	36512446	1847437	1847437.0	33231493	31311	31311.0	57274166	476259	476259.0	1077358172	36385	36385.0	33710595	1053	1053.0	152682166	3954	3954.0	274415636	5456	5456.0	35511308	5888	5888.0	154728310	7786	7786.0	274153740	10364	10364.0	73243	74.4797627854567	1.2623087296483912	19.200469268743035	1.4668679738193195	0.04245188886716349	0.15940623796843725	0.21995964450070654	0.2373758040359531	0.3138940234755317	0.41782656810947993	2.9528050297223696
SRR6954500.assembled.read_distribution	1983541	2338050	2181852	36512446	617549	617549.0	33231493	32804	32804.0	57274166	1446084	1446084.0	1077358172	48456	48456.0	33710595	2015	2015.0	152682166	4214	4214.0	274415636	6563	6563.0	35511308	25161	25161.0	154728310	28070	28070.0	274153740	30396	30396.0	156198	26.412993734094652	1.4030495498385407	61.85000320780137	2.072496311028421	0.08618293021962747	0.18023566647419859	0.2807040054746477	1.0761532045935716	1.2005731271786317	1.300057740424713	6.6806954513376535
SRR6954500.unassembled.read_distribution	1916515	3219620	3126019	36512446	2401231	2401231.0	33231493	42378	42378.0	57274166	617942	617942.0	1077358172	44497	44497.0	33710595	1351	1351.0	152682166	5067	5067.0	274415636	6999	6999.0	35511308	8048	8048.0	154728310	10247	10247.0	274153740	12972	12972.0	93601	74.58119281157404	1.3162422894627317	19.193010355259315	1.3820575098924717	0.041961473714289266	0.15737882110311155	0.21738590268416771	0.24996738745566247	0.3182673731682621	0.4029046906156627	2.9072064405116134
SRR6954501.assembled.read_distribution	4683361	5262841	4688269	36512446	1204918	1204918.0	33231493	106617	106617.0	57274166	2944132	2944132.0	1077358172	246863	246863.0	33710595	4917	4917.0	152682166	13520	13520.0	274415636	22913	22913.0	35511308	144035	144035.0	154728310	156624	156624.0	274153740	162826	162826.0	574572	22.89482049714213	2.0258449761260127	55.94187626036964	4.690679425808228	0.09342862533753157	0.25689546767610877	0.43537321382120414	2.736829784521326	2.976035187078614	3.0938802825318112	10.917525344200975
SRR6954501.unassembled.read_distribution	6233717	8748298	8261909	36512446	5182018	5182018.0	33231493	232957	232957.0	57274166	2527846	2527846.0	1077358172	214449	214449.0	33710595	5114	5114.0	152682166	15041	15041.0	274415636	23609	23609.0	35511308	64854	64854.0	154728310	74940	74940.0	274153740	81030	81030.0	486389	59.234584830100665	2.662883683203293	28.895289117951855	2.4513225315369915	0.058457085023852634	0.17193058581223458	0.26986963635669475	0.7413327712430463	0.8566237684175825	0.9262373092457526	5.559812891604745
SRR6954502.assembled.read_distribution	1577106	1757749	1572708	36512446	380667	380667.0	33231493	33790	33790.0	57274166	1019989	1019989.0	1077358172	76908	76908.0	33710595	1401	1401.0	152682166	4170	4170.0	274415636	7082	7082.0	35511308	48350	48350.0	154728310	52491	52491.0	274153740	54272	54272.0	185041	21.65650499587825	1.9223449992006825	58.02813712310461	4.375368724431077	0.07970421260373353	0.23723523665779359	0.4029016657099507	2.7506771444614673	2.9862625437420247	3.08758531508196	10.527157176593473
SRR6954502.unassembled.read_distribution	2282856	3125266	2947651	36512446	1796026	1796026.0	33231493	75425	75425.0	57274166	963429	963429.0	1077358172	74387	74387.0	33710595	1642	1642.0	152682166	5060	5060.0	274415636	8033	8033.0	35511308	24881	24881.0	154728310	28282	28282.0	274153740	30351	30351.0	177615	57.4679403289192	2.413394571854044	30.827103996907784	2.3801813989593206	0.052539527835390655	0.16190621854267764	0.25703412125559877	0.7961242339052099	0.9049469709138358	0.9711493357685393	5.683196246335512
SRR6954503.assembled.read_distribution	11870693	13192222	11920260	36512446	2553500	2553500.0	33231493	181507	181507.0	57274166	8051384	8051384.0	1077358172	708580	708580.0	33710595	16099	16099.0	152682166	44188	44188.0	274415636	76029	76029.0	35511308	285326	285326.0	154728310	317125	317125.0	274153740	349260	349260.0	1271962	19.356102406402805	1.3758637475930893	61.03129556188488	5.37119523913409	0.12203402883911443	0.334954945421628	0.5763168630728016	2.1628350402229435	2.4038785884591696	2.6474690920149766	9.641757089897366
SRR6954503.unassembled.read_distribution	35906044	54344960	51847907	36512446	34808977	34808977.0	33231493	1759384	1759384.0	57274166	13161476	13161476.0	1077358172	1498934	1498934.0	33710595	43124	43124.0	152682166	110338	110338.0	274415636	165434	165434.0	35511308	315147	315147.0	154728310	387884	387884.0	274153740	453702	453702.0	2497053	64.05189552076219	3.2374372894928984	24.218393021174364	2.758184015592246	0.07935234472525143	0.20303262712862424	0.3044146136090633	0.5799010616623879	0.713744200014132	0.8348557069505618	4.594819832418683
SRR6954504.assembled.read_distribution	3557102	3895849	3534780	36512446	743372	743372.0	33231493	46193	46193.0	57274166	2437681	2437681.0	1077358172	188894	188894.0	33710595	3177	3177.0	152682166	8179	8179.0	274415636	15133	15133.0	35511308	89736	89736.0	154728310	98232	98232.0	274153740	103507	103507.0	361069	19.081129684441056	1.1856979056426469	62.571239285711535	4.848596544681275	0.0815483351639142	0.2099414017329727	0.38843907964605406	2.3033746944504268	2.521452961857608	2.6568534868779565	9.268044012999477
SRR6954504.unassembled.read_distribution	7554964	11168972	10683569	36512446	6895788	6895788.0	33231493	372279	372279.0	57274166	2986157	2986157.0	1077358172	307872	307872.0	33710595	7097	7097.0	152682166	16831	16831.0	274415636	24786	24786.0	35511308	76684	76684.0	154728310	89223	89223.0	274153740	96687	96687.0	485403	61.74057916879011	3.3331536689321095	26.736184852106355	2.756493614631678	0.06354210575512231	0.1506942626411813	0.2219183645549474	0.6865806450226575	0.7988470201196674	0.8656750146745823	4.345995316310221
SRR6954505.assembled.read_distribution	4509960	4998330	4530630	36512446	1068549	1068549.0	33231493	64622	64622.0	57274166	3008244	3008244.0	1077358172	238791	238791.0	33710595	4067	4067.0	152682166	10953	10953.0	274415636	19553	19553.0	35511308	112579	112579.0	154728310	123899	123899.0	274153740	130871	130871.0	467700	21.378120292177588	1.2928718191876087	60.18498178391582	4.7774156568293815	0.08136717663699676	0.2191331904856222	0.391190657679665	2.25233227898118	2.4788079218458963	2.6182945103664625	9.357125279843467
SRR6954505.unassembled.read_distribution	9668550	14402747	13767617	36512446	8951820	8951820.0	33231493	475079	475079.0	57274166	3795694	3795694.0	1077358172	385204	385204.0	33710595	7459	7459.0	152682166	20295	20295.0	274415636	31007	31007.0	35511308	101621	101621.0	154728310	118202	118202.0	274153740	128813	128813.0	635130	62.153560011850516	3.2985304817199106	26.353958727456643	2.6745175764040012	0.051788731691253066	0.14091061934226853	0.21528532022398228	0.7055667922237334	0.8206906640795675	0.8943641098465454	4.409783772498399
SRR6954506.assembled.read_distribution	17114184	19542296	16960406	36512446	4497793	4497793.0	33231493	413225	413225.0	57274166	9909671	9909671.0	1077358172	1208011	1208011.0	33710595	33601	33601.0	152682166	81319	81319.0	274415636	138884	138884.0	35511308	696658	696658.0	154728310	751101	751101.0	274153740	792822	792822.0	2581890	23.015683520503423	2.114516124410356	50.70883687362018	6.181520329034009	0.17193987850762266	0.41611794233389976	0.7106841488840411	3.564872827634993	3.843463429271566	4.056954208451248	13.211804795096748
SRR6954506.unassembled.read_distribution	16620045	24909299	23382593	36512446	15322475	15322475.0	33231493	692212	692212.0	57274166	6256277	6256277.0	1077358172	731846	731846.0	33710595	22857	22857.0	152682166	51184	51184.0	274415636	77275	77275.0	35511308	248240	248240.0	154728310	281642	281642.0	274153740	302508	302508.0	1526706	61.51307188532282	2.7789300694491645	25.116230689591063	2.938043338754736	0.09176091226011619	0.20548149508342245	0.31022551056133696	0.996575616198593	1.130670116409137	1.2144380297494521	6.12906047657142
SRR6954507.assembled.read_distribution	22528663	25902286	23079122	36512446	6403429	6403429.0	33231493	458742	458742.0	57274166	13661311	13661311.0	1077358172	1544707	1544707.0	33710595	33350	33350.0	152682166	95784	95784.0	274415636	172331	172331.0	35511308	700345	700345.0	154728310	772773	772773.0	274153740	838602	838602.0	2823164	24.72148211165609	1.77104831596717	52.74171939882063	5.963593329175657	0.12875311468647982	0.3697897552362753	0.6653119342439505	2.70379610510053	2.9834162127620707	3.237559804567056	10.899285105569447
SRR6954507.unassembled.read_distribution	53646952	82265379	78252011	36512446	51964813	51964813.0	33231493	3221990	3221990.0	57274166	19600707	19600707.0	1077358172	2446004	2446004.0	33710595	53078	53078.0	152682166	127970	127970.0	274415636	204557	204557.0	35511308	659331	659331.0	154728310	757131	757131.0	274153740	813940	813940.0	4013368	63.16729301155958	3.9165807526395766	23.826191817581	2.973309100052891	0.06452045884332461	0.15555754018953707	0.24865502655740515	0.8014683795476102	0.9203519259298618	0.9894077069771964	4.878562584632352
SRR6954508.assembled.read_distribution	5700316	6549586	5848762	36512446	1654788	1654788.0	33231493	95263	95263.0	57274166	3534237	3534237.0	1077358172	345098	345098.0	33710595	6501	6501.0	152682166	19239	19239.0	274415636	34316	34316.0	35511308	153005	153005.0	154728310	171356	171356.0	274153740	185060	185060.0	700824	25.265535867457885	1.4544888791444224	53.96122747300364	5.269004789004985	0.09925818212021341	0.2937437572390072	0.5239415132498452	2.33610185437675	2.6162875027520824	2.825522101702306	10.700279376436923
SRR6954508.unassembled.read_distribution	17923496	26481019	25120037	36512446	16232609	16232609.0	33231493	695025	695025.0	57274166	7174118	7174118.0	1077358172	703292	703292.0	33710595	14909	14909.0	152682166	38574	38574.0	274415636	59532	59532.0	35511308	203491	203491.0	154728310	237216	237216.0	274153740	255461	255461.0	1360982	61.29903460286026	2.624615767240679	27.09154810092467	2.6558343544106062	0.056300703534104934	0.14566659991445194	0.22481008000485178	0.7684409727586389	0.8957963437887341	0.964694749850827	5.139462344708109
SRR6954509.assembled.read_distribution	25565186	30393110	26956881	36512446	7174002	7174002.0	33231493	591425	591425.0	57274166	16790837	16790837.0	1077358172	1399198	1399198.0	33710595	33099	33099.0	152682166	87605	87605.0	274415636	143318	143318.0	35511308	752138	752138.0	154728310	820168	820168.0	274153740	858101	858101.0	3436229	23.604040521025983	1.945918005758542	55.245537557689886	4.603668397212394	0.10890297175905987	0.28823967010944257	0.47154766326973446	2.47469903540638	2.6985326608563587	2.823340553171426	11.305947301872036
SRR6954509.unassembled.read_distribution	39690448	62545715	59230046	36512446	40305202	40305202.0	33231493	1789749	1789749.0	57274166	15017442	15017442.0	1077358172	1460352	1460352.0	33710595	34784	34784.0	152682166	80982	80982.0	274415636	135118	135118.0	35511308	430370	430370.0	154728310	487886	487886.0	274153740	522183	522183.0	3315669	64.44118833720263	2.8615053805044837	24.01034507319966	2.3348553933710727	0.05561372189925401	0.12947649571197645	0.21603078644156518	0.688088704398055	0.7800470423913133	0.8348821338120446	5.301192895468539
SRR6954510.assembled.read_distribution	7095857	7543733	6412586	36512446	783510	783510.0	33231493	290896	290896.0	57274166	4097798	4097798.0	1077358172	846443	846443.0	33710595	26322	26322.0	152682166	78382	78382.0	274415636	130934	130934.0	35511308	152755	152755.0	154728310	221214	221214.0	274153740	263005	263005.0	1131147	10.386237158711742	3.8561279939255537	54.320559860747984	11.220479303814173	0.3489253927730475	1.0390346530026977	1.7356658831907228	2.024925855673842	2.932420858479482	3.4864038798828116	14.994525919727012
SRR6954510.unassembled.read_distribution	6548384	8374681	7767312	36512446	3270530	3270530.0	33231493	233101	233101.0	57274166	3695853	3695853.0	1077358172	403162	403162.0	33710595	9743	9743.0	152682166	30538	30538.0	274415636	59222	59222.0	35511308	54246	54246.0	154728310	89460	89460.0	274153740	105444	105444.0	607369	39.05259197335397	2.7834015409064534	44.13126899997743	4.814057992179046	0.11633875964947203	0.3646467250513781	0.7071552934374455	0.6477381048902042	1.0682197924912005	1.259080793644558	7.252443406501095
SRR6954511.assembled.read_distribution	1536379	1644702	1375106	36512446	186579	186579.0	33231493	24812	24812.0	57274166	1012090	1012090.0	1077358172	114207	114207.0	33710595	2793	2793.0	152682166	6036	6036.0	274415636	8471	8471.0	35511308	20063	20063.0	154728310	25891	25891.0	274153740	28947	28947.0	269596	11.344243516454652	1.508601558215409	61.53637558658043	6.943932700270322	0.16981799742445744	0.36699657445543327	0.515047710770705	1.2198562414346186	1.574206147983039	1.7600148841553058	16.39178404355318
SRR6954511.unassembled.read_distribution	5050652	7152321	6788395	36512446	4397391	4397391.0	33231493	125803	125803.0	57274166	1836403	1836403.0	1077358172	349255	349255.0	33710595	7924	7924.0	152682166	20101	20101.0	274415636	27319	27319.0	35511308	29046	29046.0	154728310	43910	43910.0	274153740	52224	52224.0	363926	61.48201402034389	1.7589115477339454	25.675623339612414	4.8831001852405675	0.11078921094285338	0.2810416366938788	0.38195992601562484	0.406105934003801	0.6139265841116471	0.7301685704542623	5.0882224105993
SRR6954530.assembled.read_distribution	5568895	6079028	5494031	36512446	1920452	1920452.0	33231493	108724	108724.0	57274166	3063856	3063856.0	1077358172	262367	262367.0	33710595	6903	6903.0	152682166	15417	15417.0	274415636	27005	27005.0	35511308	92886	92886.0	154728310	105453	105453.0	274153740	111627	111627.0	584997	31.591432051308203	1.7885096104179814	50.40042585755485	4.315936692510711	0.11355433796324019	0.25360962311737995	0.44423220291138654	1.527974538034699	1.7347016661216235	1.8362639553560207	9.623199629940839
SRR6954530.unassembled.read_distribution	20271398	26988383	25550472	36512446	15602798	15602798.0	33231493	582941	582941.0	57274166	8334681	8334681.0	1077358172	734369	734369.0	33710595	22070	22070.0	152682166	49847	49847.0	274415636	72877	72877.0	35511308	166568	166568.0	154728310	201912	201912.0	274153740	222806	222806.0	1437911	57.813015325890404	2.15997008787077	30.88247636029176	2.721055944700355	0.0817759255899103	0.18469798653739278	0.2700309981520568	0.6171840676783045	0.7481441181563193	0.8255626133659063	5.3278886697287495
SRR6954531.assembled.read_distribution	7260599	7872347	6938723	36512446	1172443	1172443.0	33231493	120066	120066.0	57274166	4862573	4862573.0	1077358172	504064	504064.0	33710595	12851	12851.0	152682166	31720	31720.0	274415636	52800	52800.0	35511308	179920	179920.0	154728310	212195	212195.0	274153740	226777	226777.0	933624	14.893182427044946	1.5251614289868065	61.767767604756244	6.402969787790096	0.1632422961030554	0.4029293932292365	0.6707021425757782	2.2854683615953415	2.69544774893688	2.8806784050550616	11.859538203791068
SRR6954531.unassembled.read_distribution	11354847	14889002	13862713	36512446	6805369	6805369.0	33231493	275512	275512.0	57274166	5856108	5856108.0	1077358172	651079	651079.0	33710595	20676	20676.0	152682166	50842	50842.0	274415636	89406	89406.0	35511308	111158	111158.0	154728310	160696	160696.0	274153740	185239	185239.0	1026289	45.70735499934784	1.8504396735254651	39.3317698526738	4.3728854358404945	0.13886760173717488	0.3414735252235173	0.6004834978193971	0.7465779103260245	1.0792932931300565	1.2441330856158122	6.892933455177183
SRR6954532.assembled.read_distribution	225502	246935	217771	36512446	41219	41219.0	33231493	5326	5326.0	57274166	146692	146692.0	1077358172	15741	15741.0	33710595	626	626.0	152682166	1107	1107.0	274415636	1645	1645.0	35511308	5974	5974.0	154728310	6733	6733.0	274153740	7148	7148.0	29164	16.692246947577296	2.156842893878956	59.40510660700185	6.374552007613339	0.2535080081802904	0.4482961103124304	0.6661672099945329	2.4192601291837934	2.726628464980663	2.894688885739162	11.81039544819487
SRR6954532.unassembled.read_distribution	231541	336026	316765	36512446	203183	203183.0	33231493	9662	9662.0	57274166	90291	90291.0	1077358172	9375	9375.0	33710595	407	407.0	152682166	838	838.0	274415636	1248	1248.0	35511308	2073	2073.0	154728310	2604	2604.0	274153740	3006	3006.0	19261	60.46645200073804	2.8753727390142427	26.870242183640553	2.7899626814591727	0.12112157987774755	0.24938546422003058	0.3713998321558451	0.6169165481242523	0.7749400344020998	0.8945736341830691	5.73199692880908
SRR6954533.assembled.read_distribution	22479830	26429258	23916544	36512446	5670038	5670038.0	33231493	578558	578558.0	57274166	14867922	14867922.0	1077358172	1882552	1882552.0	33710595	81704	81704.0	152682166	134661	134661.0	274415636	194659	194659.0	35511308	590166	590166.0	154728310	682317	682317.0	274153740	722815	722815.0	2512714	21.453640507047155	2.189081509590621	56.25554073443908	7.12298468613837	0.30914223925620615	0.5095148717379806	0.7365284337532291	2.2330025307558765	2.581672932323715	2.734904627288439	9.507319501743105
SRR6954533.unassembled.read_distribution	21576628	32273115	30686951	36512446	17524078	17524078.0	33231493	705661	705661.0	57274166	10873930	10873930.0	1077358172	1155964	1155964.0	33710595	39422	39422.0	152682166	82790	82790.0	274415636	144387	144387.0	35511308	190397	190397.0	154728310	253589	253589.0	274153740	282931	282931.0	1586164	54.299307643529296	2.186528942124118	33.69346280952427	3.5818172494350176	0.12215120852139622	0.25652931240135946	0.44739096303533143	0.5899554474366667	0.7857592922158273	0.8766770731613605	4.914815319190602
SRR6954534.assembled.read_distribution	9858475	11834521	10816982	36512446	2768840	2768840.0	33231493	314200	314200.0	57274166	6540500	6540500.0	1077358172	867564	867564.0	33710595	26710	26710.0	152682166	52503	52503.0	274415636	79725	79725.0	35511308	160823	160823.0	154728310	204882	204882.0	274153740	246153	246153.0	1017539	23.396299689695933	2.6549448008922374	55.266284119146015	7.3307909969486715	0.22569565764427643	0.44364279720319905	0.6736647811939326	1.3589312148755324	1.7312234267867705	2.079957439764567	8.598058172358645
SRR6954534.unassembled.read_distribution	26676867	39143102	37201201	36512446	21457532	21457532.0	33231493	888531	888531.0	57274166	12725599	12725599.0	1077358172	1585281	1585281.0	33710595	58101	58101.0	152682166	127138	127138.0	274415636	205085	205085.0	35511308	201844	201844.0	154728310	295932	295932.0	274153740	339173	339173.0	1941901	54.818169495100314	2.269955508380506	32.5104510112663	4.0499626217666655	0.14843228316447685	0.3248030776916965	0.523936503550485	0.5156566283377337	0.7560259276334308	0.8664949446265143	4.961029915309216
SRR6954535.assembled.read_distribution	5875480	7236293	6685503	36512446	1674870	1674870.0	33231493	128899	128899.0	57274166	4200165	4200165.0	1077358172	513579	513579.0	33710595	13672	13672.0	152682166	26208	26208.0	274415636	38761	38761.0	35511308	98869	98869.0	154728310	118416	118416.0	274153740	129229	129229.0	550790	23.145414371695562	1.7812849756083673	58.04304773175989	7.0972665147748994	0.188936517634098	0.3621743895665916	0.5356471884153944	1.3662934875633146	1.636417983627805	1.7858453216308405	7.611493896115042
SRR6954535.unassembled.read_distribution	19803076	30151570	28802571	36512446	17911125	17911125.0	33231493	551282	551282.0	57274166	8899617	8899617.0	1077358172	1075189	1075189.0	33710595	39802	39802.0	152682166	77677	77677.0	274415636	138996	138996.0	35511308	148086	148086.0	154728310	200091	200091.0	274153740	226362	226362.0	1348999	59.40362309491678	1.8283691363335308	29.516263995539866	3.565946980538658	0.13200639303359657	0.2576217424167299	0.4609909202074718	0.4911386040594237	0.6636171847767794	0.7507469760281139	4.474058896435575
SRR6954538.assembled.read_distribution	4915894	5774694	4507905	36512446	706978	706978.0	33231493	9893	9893.0	57274166	3737615	3737615.0	1077358172	35768	35768.0	33710595	938	938.0	152682166	1827	1827.0	274415636	2994	2994.0	35511308	11720	11720.0	154728310	13910	13910.0	274153740	14657	14657.0	1266789	12.242691993722959	0.17131643685362377	64.72403559392065	0.61939212709799	0.016243284925573545	0.03163804004160221	0.05184690305668144	0.20295447689522597	0.2408785643014158	0.25381431466325316	21.936902630684845
SRR6954538.unassembled.read_distribution	10584318	18786605	14141923	36512446	9022021	9022021.0	33231493	134828	134828.0	57274166	4824671	4824671.0	1077358172	114939	114939.0	33710595	3575	3575.0	152682166	12598	12598.0	274415636	19882	19882.0	35511308	10171	10171.0	154728310	18975	18975.0	274153740	25582	25582.0	4644682	48.02369028358237	0.7176815608780831	25.681441644192766	0.6118135767479009	0.019029515976942083	0.06705841742028429	0.10583072353945805	0.05413963832209172	0.10100281556992335	0.13617149027192513	24.723370720787496
SRR6954539.assembled.read_distribution	8120279	10080759	8004865	36512446	1452251	1452251.0	33231493	25647	25647.0	57274166	6395098	6395098.0	1077358172	97192	97192.0	33710595	1550	1550.0	152682166	3247	3247.0	274415636	5209	5209.0	35511308	22708	22708.0	154728310	27785	27785.0	274153740	29468	29468.0	2075894	14.406167234034658	0.25441536693814426	63.43865575994824	0.9641337522303629	0.015375826363868037	0.03220987626030937	0.05167269647057329	0.22526081617465513	0.27562408743230543	0.2923192588970731	20.592635931480956
SRR6954539.unassembled.read_distribution	17749087	31510250	24326618	36512446	15040453	15040453.0	33231493	200061	200061.0	57274166	8789417	8789417.0	1077358172	230334	230334.0	33710595	4388	4388.0	152682166	14343	14343.0	274415636	23727	23727.0	35511308	24226	24226.0	154728310	35161	35161.0	274153740	42626	42626.0	7183632	47.731938020168045	0.6349076887679406	27.89383454590173	0.7309811886608326	0.013925627375219175	0.04551852175085885	0.07529930736823733	0.07688291905015035	0.11158591252052905	0.13527661633912774	22.79776263279409
SRR6954540.assembled.read_distribution	23137154	25376633	21433369	36512446	3899866	3899866.0	33231493	633500	633500.0	57274166	12921186	12921186.0	1077358172	2229270	2229270.0	33710595	49124	49124.0	152682166	147629	147629.0	274415636	252107	252107.0	35511308	1281235	1281235.0	154728310	1422050	1422050.0	274153740	1497440	1497440.0	3943264	15.36794105033556	2.4963910696899783	50.917653259989216	8.78473515379286	0.19357966046953512	0.581751724115646	0.9934611892759768	5.048877051577331	5.603777301740543	5.900861631249504	15.538956645666902
SRR6954540.unassembled.read_distribution	19349237	28557749	26560534	36512446	15830997	15830997.0	33231493	822149	822149.0	57274166	8366212	8366212.0	1077358172	1011957	1011957.0	33710595	29864	29864.0	152682166	89972	89972.0	274415636	190769	190769.0	35511308	225059	225059.0	154728310	292608	292608.0	274153740	338450	338450.0	1997215	55.43503096129881	2.8788998740762097	29.29576837446117	3.5435460967179173	0.10457406849538457	0.31505284257523236	0.6680113338064566	0.7880838227130575	1.0246185720029963	1.18514242841759	6.993600931221855
SRR6954543.assembled.read_distribution	4779950	5419498	4706516	36512446	1236622	1236622.0	33231493	120448	120448.0	57274166	2818072	2818072.0	1077358172	296939	296939.0	33710595	6217	6217.0	152682166	15853	15853.0	274415636	27499	27499.0	35511308	186320	186320.0	154728310	200738	200738.0	274153740	206936	206936.0	712982	22.818017462133948	2.2224936700779296	51.99876446121024	5.479086808409192	0.11471542198188836	0.29251786789108514	0.5074086197651517	3.4379567996888274	3.7039962003860873	3.8183610363911935	13.155867942012343
SRR6954543.unassembled.read_distribution	7569046	11017704	10301821	36512446	6370829	6370829.0	33231493	312896	312896.0	57274166	3149078	3149078.0	1077358172	311263	311263.0	33710595	8816	8816.0	152682166	21943	21943.0	274415636	35536	35536.0	35511308	96787	96787.0	154728310	112739	112739.0	274153740	122219	122219.0	715883	57.82356287662112	2.8399383392401902	28.581980419876956	2.825116739385992	0.08001667135003808	0.19916127715901605	0.3225354393256526	0.8784679639242441	1.0232531206138773	1.109296455958519	6.497569729591573
SRR6954544.assembled.read_distribution	15050069	17528836	15318398	36512446	4462070	4462070.0	33231493	486202	486202.0	57274166	8265985	8265985.0	1077358172	1313181	1313181.0	33710595	27744	27744.0	152682166	72270	72270.0	274415636	116342	116342.0	35511308	596423	596423.0	154728310	647858	647858.0	274153740	674618	674618.0	2210438	25.455597850307914	2.773726675290932	47.15649687178316	7.491547071351458	0.1582763396268868	0.4122920654856945	0.6637177733878051	3.4025248453462624	3.6959556242068787	3.8486183566324654	12.610295401246265
SRR6954544.unassembled.read_distribution	20296618	30819426	29007242	36512446	18783882	18783882.0	33231493	1054530	1054530.0	57274166	7514234	7514234.0	1077358172	1239315	1239315.0	33710595	30454	30454.0	152682166	80275	80275.0	274415636	126670	126670.0	35511308	204116	204116.0	154728310	252831	252831.0	274153740	288611	288611.0	1812184	60.94818897665388	3.421640623676768	24.381485884909083	4.021213763033744	0.09881429978611542	0.26046883546760413	0.41100700577616206	0.6622965658088505	0.8203624558095275	0.9364580638198777	5.880005682130484
SRR6954545.assembled.read_distribution	983324	1146999	996927	36512446	312572	312572.0	33231493	31101	31101.0	57274166	513908	513908.0	1077358172	84934	84934.0	33710595	1350	1350.0	152682166	4240	4240.0	274415636	7165	7165.0	35511308	41948	41948.0	154728310	45607	45607.0	274153740	47247	47247.0	150072	27.251287926144663	2.7115106464783314	44.80457262822374	7.4048887575316105	0.11769844611895913	0.36966030484769385	0.6246736047721053	3.6571958650356278	3.9762022460350885	4.119184062061083	13.08388237478847
SRR6954545.unassembled.read_distribution	1761618	2703501	2544162	36512446	1713020	1713020.0	33231493	97878	97878.0	57274166	587627	587627.0	1077358172	108655	108655.0	33710595	1951	1951.0	152682166	5759	5759.0	274415636	9417	9417.0	35511308	20951	20951.0	154728310	24988	24988.0	274153740	27565	27565.0	159339	63.36302446346422	3.62041663753777	21.735778902985427	4.019047893823601	0.07216568442179233	0.21302008025889393	0.3483261149154374	0.7749581006258182	0.9242829945319051	1.0196038396138931	5.893802147659645
SRR6954546.assembled.read_distribution	2016962	2348019	2043820	36512446	639282	639282.0	33231493	60402	60402.0	57274166	1078491	1078491.0	1077358172	159693	159693.0	33710595	3197	3197.0	152682166	9229	9229.0	274415636	15506	15506.0	35511308	80734	80734.0	154728310	87167	87167.0	274153740	90446	90446.0	304199	27.22644067190257	2.57246640678802	45.93195370224858	6.801180058594074	0.13615733092449422	0.39305474103914834	0.6603864789850508	3.4383878495020697	3.7123634859854198	3.8520131225513934	12.955559558930316
SRR6954546.unassembled.read_distribution	3808850	5798341	5455708	36512446	3660451	3660451.0	33231493	202238	202238.0	57274166	1303202	1303202.0	1077358172	211651	211651.0	33710595	4857	4857.0	152682166	13783	13783.0	274415636	22314	22314.0	35511308	43211	43211.0	154728310	50640	50640.0	274153740	55852	55852.0	342633	63.12928128925152	3.487859717115637	22.47542874763661	3.6501992552697398	0.08376533908578333	0.23770592312525254	0.38483421378632265	0.7452304029721605	0.8733532574231145	0.9632410373932819	5.909155739546881
SRR6954548.assembled.read_distribution	3001984	3320975	2703552	36512446	567153	567153.0	33231493	37238	37238.0	57274166	1902622	1902622.0	1077358172	119838	119838.0	33710595	3379	3379.0	152682166	7795	7795.0	274415636	12066	12066.0	35511308	55679	55679.0	154728310	61428	61428.0	274153740	64635	64635.0	617423	17.077906337747198	1.121297209403865	57.29106662952898	3.608518582645157	0.10174722784724365	0.23472022523505898	0.3633270349821965	1.6765859423813791	1.849697754424529	1.9462657803807615	18.591618425311843
SRR6954548.unassembled.read_distribution	5211882	7960238	7609253	36512446	5536639	5536639.0	33231493	144096	144096.0	57274166	1681159	1681159.0	1077358172	174754	174754.0	33710595	8202	8202.0	152682166	17655	17655.0	274415636	22832	22832.0	35511308	38813	38813.0	154728310	45512	45512.0	274153740	49773	49773.0	350985	69.55368671137722	1.810197132296798	21.119456478562576	2.1953363705959545	0.10303712024690719	0.22178985100696738	0.28682559491311693	0.4875859239384551	0.5717416991803511	0.6252702494573654	4.4092274627969665
SRR6954560.assembled.read_distribution	28645233	32832862	28583740	36512446	7609282	7609282.0	33231493	675379	675379.0	57274166	17245293	17245293.0	1077358172	1663539	1663539.0	33710595	37945	37945.0	152682166	93875	93875.0	274415636	165105	165105.0	35511308	1109999	1109999.0	154728310	1190146	1190146.0	274153740	1225142	1225142.0	4249122	23.1758108690007	2.0570214073936044	52.52448903175117	5.066688977646846	0.11557018696694793	0.28591781002825767	0.5028650868145458	3.3807561460831534	3.624862188376999	3.7314505205181323	12.941674106874995
SRR6954560.unassembled.read_distribution	34846849	50542898	47118731	36512446	28327712	28327712.0	33231493	1293109	1293109.0	57274166	15238774	15238774.0	1077358172	1461923	1461923.0	33710595	46812	46812.0	152682166	109628	109628.0	274415636	185479	185479.0	35511308	482101	482101.0	154728310	561343	561343.0	274153740	611734	611734.0	3424167	56.04686933463926	2.558438576276335	30.150178567125295	2.89244000215421	0.09261835362111606	0.21690089871775853	0.36697341731374405	0.9538451871121438	1.1106268580009004	1.2103263251743104	6.774773777316845
SRR6954561.assembled.read_distribution	1033616	1176066	1035325	36512446	286397	286397.0	33231493	26011	26011.0	57274166	615671	615671.0	1077358172	64296	64296.0	33710595	2349	2349.0	152682166	5073	5073.0	274415636	7714	7714.0	35511308	29566	29566.0	154728310	33365	33365.0	274153740	35236	35236.0	140741	24.352119693962752	2.2116956021175684	52.35003817812945	5.467040115095581	0.1997336884154461	0.4313533424144564	0.6559155693643044	2.5139745558497566	2.837000644521651	2.9960903554732474	11.967100485857086
SRR6954561.unassembled.read_distribution	3594648	5075269	4750647	36512446	2880636	2880636.0	33231493	139985	139985.0	57274166	1509694	1509694.0	1077358172	147251	147251.0	33710595	6887	6887.0	152682166	12892	12892.0	274415636	17965	17965.0	35511308	43139	43139.0	154728310	50738	50738.0	274153740	55116	55116.0	324622	56.75829202353609	2.7581789260825387	29.74608833541631	2.901343751434653	0.13569724087531124	0.2540160925460306	0.35397138555611535	0.8499845032844564	0.9997105572138146	1.0859719947849071	6.396153583189383
SRR6954562.assembled.read_distribution	14047286	15800889	14096084	36512446	3818158	3818158.0	33231493	232865	232865.0	57274166	8980637	8980637.0	1077358172	702515	702515.0	33710595	20537	20537.0	152682166	39701	39701.0	274415636	57710	57710.0	35511308	222746	222746.0	154728310	276241	276241.0	274153740	304199	304199.0	1704805	24.164197343579847	1.4737461923819604	56.8362767436693	4.446047307844514	0.12997369958108052	0.25125801465980807	0.3652326144434025	1.409705491887197	1.7482623920717373	1.9252018035187768	10.789297994562205
SRR6954562.unassembled.read_distribution	24879719	35777886	34048854	36512446	22455021	22455021.0	33231493	971340	971340.0	57274166	8946556	8946556.0	1077358172	1260915	1260915.0	33710595	45881	45881.0	152682166	86382	86382.0	274415636	119302	119302.0	35511308	152283	152283.0	154728310	230225	230225.0	274153740	295720	295720.0	1729032	62.76229120971541	2.714917253635388	25.005826224612598	3.524285923433262	0.12823843197443247	0.24143964235337997	0.33345178639118034	0.4256344268076655	0.6434840784053032	0.8265440836834239	4.832683518528736
SRR6954563.assembled.read_distribution	4860439	5672720	4874084	36512446	1371331	1371331.0	33231493	127064	127064.0	57274166	2758689	2758689.0	1077358172	389613	389613.0	33710595	7280	7280.0	152682166	23393	23393.0	274415636	41392	41392.0	35511308	153000	153000.0	154728310	172871	172871.0	274153740	185995	185995.0	798636	24.17413515914764	2.239913128093754	48.6307979240999	6.868186689982936	0.1283334978634588	0.41237713125273234	0.7296676021379515	2.6971188424600547	3.04740935565302	3.2787622163618155	14.078537280176
SRR6954563.unassembled.read_distribution	12340468	18314969	17211044	36512446	11189957	11189957.0	33231493	511304	511304.0	57274166	4507880	4507880.0	1077358172	752534	752534.0	33710595	14197	14197.0	152682166	44403	44403.0	274415636	73874	73874.0	35511308	112669	112669.0	154728310	150592	150592.0	274153740	175495	175495.0	1103925	61.09732973067003	2.7917273570050813	24.613091073209024	4.1088467034806335	0.07751582871912041	0.2424410327967249	0.4033531260686273	0.6151743964185798	0.822234533948706	0.9582052800635371	6.027446729503064
SRR6954564.assembled.read_distribution	3502136	3883822	3515818	36512446	766026	766026.0	33231493	49063	49063.0	57274166	2375883	2375883.0	1077358172	200618	200618.0	33710595	3406	3406.0	152682166	10138	10138.0	274415636	18249	18249.0	35511308	88719	88719.0	154728310	97738	97738.0	274153740	105979	105979.0	368004	19.723509470825388	1.2632659272232352	61.17383855387811	5.1654787474812185	0.08769711897198172	0.26103153028125387	0.4698722032060172	2.2843219900397083	2.516541695268218	2.7287295864743544	9.475305510911674
SRR6954564.unassembled.read_distribution	11205314	16820916	16056491	36512446	10633716	10633716.0	33231493	557234	557234.0	57274166	4235053	4235053.0	1077358172	453923	453923.0	33710595	10357	10357.0	152682166	27807	27807.0	274415636	41940	41940.0	35511308	100591	100591.0	154728310	121918	121918.0	274153740	134625	134625.0	764425	63.21722312863343	3.3127446804918352	25.177303067205138	2.6985629082268767	0.06157215219432759	0.16531204364851473	0.2493324382572269	0.5980114281529021	0.7248000049462229	0.8003428588550113	4.544490918330489
SRR6954565.assembled.read_distribution	2622989	3119955	2751101	36512446	858290	858290.0	33231493	65071	65071.0	57274166	1513902	1513902.0	1077358172	199904	199904.0	33710595	3753	3753.0	152682166	12175	12175.0	274415636	21356	21356.0	35511308	75683	75683.0	154728310	86464	86464.0	274153740	92578	92578.0	368854	27.509691646193613	2.0856390556915083	48.52319985384405	6.4072718997549645	0.12029019649321866	0.3902299872914834	0.6844970520408147	2.425772166585736	2.7713220222727575	2.9672863871434045	11.822414105331648
SRR6954565.unassembled.read_distribution	13077633	19363738	18197413	36512446	11508979	11508979.0	33231493	568816	568816.0	57274166	5070921	5070921.0	1077358172	775680	775680.0	33710595	17290	17290.0	152682166	49221	49221.0	274415636	81522	81522.0	35511308	131688	131688.0	154728310	168117	168117.0	274153740	191495	191495.0	1166325	59.435729816216266	2.937531999245187	26.187717474797477	4.005838128981088	0.08929061114129927	0.25419162353880226	0.4210034240289763	0.680075303642303	0.8682053020961139	0.9889361238000638	6.023243032930935
SRR6954566.assembled.read_distribution	248986	277547	243703	36512446	55657	55657.0	33231493	6348	6348.0	57274166	146710	146710.0	1077358172	22981	22981.0	33710595	381	381.0	152682166	1167	1167.0	274415636	1926	1926.0	35511308	7937	7937.0	154728310	9181	9181.0	274153740	10081	10081.0	33844	20.053180182095286	2.2871801893012718	52.85951568563162	8.280039056448098	0.13727404727847894	0.42046932591597097	0.6939365224628622	2.8596958352999673	3.307908210140985	3.632177613161014	12.193970750899847
SRR6954566.unassembled.read_distribution	244782	347788	326022	36512446	189788	189788.0	33231493	11700	11700.0	57274166	103112	103112.0	1077358172	16120	16120.0	33710595	324	324.0	152682166	874	874.0	274415636	1429	1429.0	35511308	2510	2510.0	154728310	3367	3367.0	274153740	3873	3873.0	21766	54.57002541778325	3.3641183709616205	29.647946450136292	4.635007533324899	0.0931602010420141	0.25130251762568	0.41088249163283386	0.7217040265909117	0.9681185089767329	1.1136094402337056	6.258410295927404
SRR6954567.assembled.read_distribution	458156	507505	443093	36512446	97267	97267.0	33231493	10841	10841.0	57274166	273557	273557.0	1077358172	38885	38885.0	33710595	697	697.0	152682166	2054	2054.0	274415636	3536	3536.0	35511308	15282	15282.0	154728310	17637	17637.0	274153740	19007	19007.0	64412	19.165722505196996	2.136136589787293	53.90232608545729	7.66199347789677	0.13733854838868584	0.40472507660023055	0.6967419040206501	3.011201860080196	3.4752366971753976	3.7451847765046646	12.691894661136343
SRR6954567.unassembled.read_distribution	448098	635885	595211	36512446	345261	345261.0	33231493	20828	20828.0	57274166	191969	191969.0	1077358172	27154	27154.0	33710595	557	557.0	152682166	1628	1628.0	274415636	2655	2655.0	35511308	4909	4909.0	154728310	6478	6478.0	274153740	7344	7344.0	40674	54.296138452707645	3.275435023628486	30.189263781973157	4.270268995179946	0.0875944549722041	0.25602113589721415	0.41752832666284	0.7719949361912924	1.0187376648293323	1.1549258120572117	6.396439607790717
SRR6954568.assembled.read_distribution	1026104	1203104	1039615	36512446	337157	337157.0	33231493	28307	28307.0	57274166	546707	546707.0	1077358172	73298	73298.0	33710595	1483	1483.0	152682166	4679	4679.0	274415636	8082	8082.0	35511308	40792	40792.0	154728310	44406	44406.0	274153740	46064	46064.0	163489	28.0239281059659	2.352830677979626	45.44137497672687	6.09240763890736	0.12326448918796712	0.3889106843631141	0.6717623746575524	3.3905630768412376	3.690952735590606	3.8287629332127566	13.588933292549937
SRR6954568.unassembled.read_distribution	2114796	3239343	3051405	36512446	2093528	2093528.0	33231493	121053	121053.0	57274166	684785	684785.0	1077358172	107337	107337.0	33710595	1990	1990.0	152682166	6386	6386.0	274415636	10852	10852.0	35511308	27404	27404.0	154728310	31097	31097.0	274153740	33850	33850.0	187938	64.62816688445774	3.7369614764475387	21.139626152587116	3.3135422831111123	0.06143221017348271	0.19713874078786964	0.3350062034184092	0.845974013866392	0.9599786129471316	1.0449649820966782	5.801732017881403
SRR6954572.assembled.read_distribution	13851899	15597704	14196532	36512446	3483490	3483490.0	33231493	196336	196336.0	57274166	9658743	9658743.0	1077358172	465560	465560.0	33710595	9709	9709.0	152682166	23543	23543.0	274415636	82225	82225.0	35511308	262689	262689.0	154728310	298796	298796.0	274153740	310178	310178.0	1401172	22.33335111372802	1.2587493646500791	61.9241331929366	2.9847982754384876	0.062246340871707787	0.1509388817738816	0.5271609206072894	1.684151718740143	1.9156409174068183	1.9886131958908826	8.98319393674864
SRR6954572.unassembled.read_distribution	35755882	52949907	50604698	36512446	35218698	35218698.0	33231493	1294809	1294809.0	57274166	12498216	12498216.0	1077358172	1020435	1020435.0	33710595	39687	39687.0	152682166	99911	99911.0	274415636	215422	215422.0	35511308	275673	275673.0	154728310	325193	325193.0	274153740	357118	357118.0	2345209	66.51323863515	2.4453470711478307	23.603848822623995	1.9271705236422794	0.07495197300346533	0.18868966096578793	0.4068411300514654	0.5206298096047647	0.6141521646109784	0.6744449994973551	4.429108817887065
SRR6954573.assembled.read_distribution	5620463	6100829	5594568	36512446	1192603	1192603.0	33231493	62900	62900.0	57274166	3971682	3971682.0	1077358172	229980	229980.0	33710595	6608	6608.0	152682166	13898	13898.0	274415636	24611	24611.0	35511308	92317	92317.0	154728310	104592	104592.0	274153740	112792	112792.0	506261	19.548212218372292	1.0310074253843207	65.10069369261127	3.769651632589604	0.10831314891795853	0.22780510648634802	0.40340419310228165	1.5131877979205777	1.7143899624133048	1.8487979256589557	8.298232912281266
SRR6954573.unassembled.read_distribution	6548575	8656387	8279057	36512446	5198228	5198228.0	33231493	114845	114845.0	57274166	2696130	2696130.0	1077358172	180245	180245.0	33710595	6486	6486.0	152682166	19191	19191.0	274415636	36060	36060.0	35511308	38407	38407.0	154728310	46803	46803.0	274153740	53549	53549.0	377330	60.05078100135772	1.3267082444442468	31.146135217845504	2.0822197528830446	0.07492733400204958	0.22169757428821055	0.4165710243777225	0.443683952669861	0.5406759194107196	0.6186068159845441	4.358977943107211
SRR6954574.assembled.read_distribution	4587837	4983480	4585840	36512446	970131	970131.0	33231493	42822	42822.0	57274166	3311606	3311606.0	1077358172	162394	162394.0	33710595	4457	4457.0	152682166	9801	9801.0	274415636	16563	16563.0	35511308	68794	68794.0	154728310	77415	77415.0	274153740	82324	82324.0	397640	19.466938765681814	0.8592790580076572	66.45167633862282	3.258646568261536	0.08943549487506722	0.1966697970093188	0.33235811119940284	1.3804409769879682	1.5534325411158467	1.6519380031624489	7.979163155064333
SRR6954574.unassembled.read_distribution	5505517	7258200	6957126	36512446	4379825	4379825.0	33231493	98930	98930.0	57274166	2261068	2261068.0	1077358172	148173	148173.0	33710595	5577	5577.0	152682166	14227	14227.0	274415636	22297	22297.0	35511308	34749	34749.0	154728310	41573	41573.0	274153740	46833	46833.0	301074	60.34312915047808	1.3630101127001184	31.15191094210686	2.0414565594775564	0.0768372323716624	0.19601278553911436	0.30719737676007824	0.47875506323881956	0.5727728637954314	0.6452426221377201	4.148053236339589
SRR6954575.assembled.read_distribution	11333711	13328489	11635105	36512446	3409224	3409224.0	33231493	318563	318563.0	57274166	6531867	6531867.0	1077358172	825973	825973.0	33710595	24151	24151.0	152682166	63416	63416.0	274415636	102585	102585.0	35511308	372789	372789.0	154728310	415751	415751.0	274153740	446893	446893.0	1693384	25.57847329881129	2.3900908797688922	49.006807898479714	6.197049042843491	0.18119833388465864	0.4757928674435639	0.769667139313391	2.7969336959350755	3.119265807249419	3.352915698096011	12.704996042687208
SRR6954575.unassembled.read_distribution	41949343	62439090	58416274	36512446	37278097	37278097.0	33231493	1812230	1812230.0	57274166	16554990	16554990.0	1077358172	1939474	1939474.0	33710595	65060	65060.0	152682166	157982	157982.0	274415636	242011	242011.0	35511308	416972	416972.0	154728310	525228	525228.0	274153740	589472	589472.0	4022816	59.703139491622956	2.902396559591115	26.5138233116466	3.10618556420345	0.10419754676117157	0.2530177810086598	0.38759533490958953	0.6678060170319587	0.8411845848490104	0.9440752579834203	6.442784480042871
SRR6954576.assembled.read_distribution	13120129	15108885	12467365	36512446	3278315	3278315.0	33231493	336904	336904.0	57274166	8032821	8032821.0	1077358172	533090	533090.0	33710595	19128	19128.0	152682166	35762	35762.0	274415636	54187	54187.0	35511308	196310	196310.0	154728310	215960	215960.0	274153740	232048	232048.0	2641520	21.69792807344817	2.2298402562465727	53.16620650696593	3.528321249384055	0.12660100331692248	0.23669516314407052	0.35864327513247996	1.2993017022765083	1.4293576263238486	1.5358380184904445	17.48322262033234
SRR6954576.unassembled.read_distribution	49965356	77918078	73970552	36512446	49407173	49407173.0	33231493	1674305	1674305.0	57274166	20822300	20822300.0	1077358172	1390394	1390394.0	33710595	95055	95055.0	152682166	142094	142094.0	274415636	214233	214233.0	35511308	344285	344285.0	154728310	422768	422768.0	274153740	462147	462147.0	3947526	63.409126955107894	2.148801719672808	26.72332343721312	1.7844305656512727	0.12199351221163335	0.18236332780179715	0.2749464636435206	0.44185509811984836	0.5425801185701732	0.5931190961871519	5.0662517625242245
SRR6954577.assembled.read_distribution	17651040	19580807	17040057	36512446	3324830	3324830.0	33231493	764591	764591.0	57274166	11129185	11129185.0	1077358172	1108258	1108258.0	33710595	139897	139897.0	152682166	225314	225314.0	274415636	279825	279825.0	35511308	310926	310926.0	154728310	374187	374187.0	274153740	433368	433368.0	2540750	16.980045817314885	3.9047982036695426	56.83721309341336	5.659919940991196	0.7144598279325259	1.1506880181189671	1.4290779741611261	1.587912081458134	1.9109886533277203	2.2132284946172036	12.975716475832686
SRR6954577.unassembled.read_distribution	49905214	74177431	69061441	36512446	43919245	43919245.0	33231493	3870079	3870079.0	57274166	16855236	16855236.0	1077358172	2910499	2910499.0	33710595	404791	404791.0	152682166	634291	634291.0	274415636	791575	791575.0	35511308	391284	391284.0	154728310	560310	560310.0	274153740	714807	714807.0	5115990	59.2083662212567	5.217326817371176	22.722862968926492	3.923698840419534	0.5457064157425457	0.8550997135503385	1.0671372536479458	0.5274973731565333	0.7553645259027642	0.963644858501503	6.896963039876644
SRR6954578.assembled.read_distribution	9590135	11063681	9588738	36512446	2234057	2234057.0	33231493	479099	479099.0	57274166	5721498	5721498.0	1077358172	695375	695375.0	33710595	94218	94218.0	152682166	151717	151717.0	274415636	195150	195150.0	35511308	173055	173055.0	154728310	216997	216997.0	274153740	263559	263559.0	1474943	20.192709822345744	4.330376119846551	51.71423507239589	6.285204716224194	0.8515972215757124	1.3713067106688994	1.763879490017834	1.5641719966437935	1.9613454147855491	2.3821999206231634	13.331394858546627
SRR6954578.unassembled.read_distribution	56674021	85671023	78908770	36512446	48160436	48160436.0	33231493	5765812	5765812.0	57274166	19051350	19051350.0	1077358172	3888395	3888395.0	33710595	569362	569362.0	152682166	881190	881190.0	274415636	1090308	1090308.0	35511308	480683	480683.0	154728310	718267	718267.0	274153740	952469	952469.0	6762253	56.21554910112373	6.7301776004238905	22.23779912141355	4.5387516850359075	0.6645911068436757	1.028574153947012	1.2726683560204481	0.5610800281910956	0.8384013343694985	1.1117749813726399	7.8932791546098375
SRR6954579.assembled.read_distribution	11427330	12873568	11169555	36512446	2579755	2579755.0	33231493	267276	267276.0	57274166	6907552	6907552.0	1077358172	883562	883562.0	33710595	17996	17996.0	152682166	43169	43169.0	274415636	70464	70464.0	35511308	396157	396157.0	154728310	439117	439117.0	274153740	460946	460946.0	1704013	20.039160860454537	2.076161014568766	53.65685721316732	6.8633808436014005	0.1397903052207438	0.33533050044867124	0.5473540824113409	3.077289839149488	3.41099685805831	3.580561348648642	13.236524637147992
SRR6954579.unassembled.read_distribution	27542380	37580239	34618014	36512446	18482752	18482752.0	33231493	909573	909573.0	57274166	12750910	12750910.0	1077358172	1726394	1726394.0	33710595	39520	39520.0	152682166	94110	94110.0	274415636	158165	158165.0	35511308	463811	463811.0	154728310	545834	545834.0	274153740	590220	590220.0	2962225	49.18210339215778	2.42034916276078	33.92982679008508	4.593887761065064	0.1051616515797039	0.2504241657430651	0.42087278902084685	1.2341885319036956	1.4524495174179175	1.5705594634456688	7.882400641464788
SRR6954580.assembled.read_distribution	2190118	2610131	2296527	36512446	747438	747438.0	33231493	81254	81254.0	57274166	1149552	1149552.0	1077358172	207029	207029.0	33710595	5815	5815.0	152682166	11237	11237.0	274415636	17164	17164.0	35511308	80748	80748.0	154728310	89532	89532.0	274153740	94090	94090.0	313604	28.63603397683871	3.1130238290721803	44.04192739751377	7.931747487003527	0.2227857528989924	0.4305147902538225	0.6575915155216348	3.0936378289059054	3.4301726618319157	3.6047999123415644	12.014875881708619
SRR6954580.unassembled.read_distribution	6796979	10145779	9495233	36512446	6016708	6016708.0	33231493	360519	360519.0	57274166	2438407	2438407.0	1077358172	517793	517793.0	33710595	14657	14657.0	152682166	28040	28040.0	274415636	40237	40237.0	35511308	91427	91427.0	154728310	110193	110193.0	274153740	121569	121569.0	650546	59.302573020760654	3.5533890497713383	24.033708993661303	5.103531232052265	0.14446401799211278	0.27637108988871134	0.3965885714640542	0.9011333678764342	1.086096986737046	1.1982224331911822	6.411986699099202
SRR6954582.assembled.read_distribution	27226146	30510289	26938971	36512446	5929219	5929219.0	33231493	605370	605370.0	57274166	17664333	17664333.0	1077358172	1755693	1755693.0	33710595	42819	42819.0	152682166	98946	98946.0	274415636	150371	150371.0	35511308	691247	691247.0	154728310	788764	788764.0	274153740	833985	833985.0	3571318	19.43350651316348	1.9841503304016554	57.89631491199575	5.754429268106899	0.14034282008931478	0.3243037127573587	0.49285341086084106	2.2656193128816313	2.5852393597451666	2.733454933842154	11.705290631629218
SRR6954582.unassembled.read_distribution	46195409	63553763	59284494	36512446	31991833	31991833.0	33231493	1694822	1694822.0	57274166	22318119	22318119.0	1077358172	2348410	2348410.0	33710595	61658	61658.0	152682166	136394	136394.0	274415636	224539	224539.0	35511308	498882	498882.0	154728310	631624	631624.0	274153740	706771	706771.0	4269269	50.338219941437615	2.6667531865894394	35.1169119600361	3.695154919465587	0.09701707198675238	0.21461199708977105	0.35330559419432017	0.784976335704937	0.9938420168763257	1.112083638540805	6.717570759736131
SRR6954799.assembled.read_distribution	4550346	5219726	4622348	36512446	1214881	1214881.0	33231493	184654	184654.0	57274166	2650654	2650654.0	1077358172	382357	382357.0	33710595	17570	17570.0	152682166	32974	32974.0	274415636	46175	46175.0	35511308	104558	104558.0	154728310	129547	129547.0	274153740	143627	143627.0	597378	23.27480407975438	3.537618641285002	50.78147780170836	7.325231247770477	0.3366077069945817	0.631718982950446	0.8846249783992493	2.003131965164455	2.481873569608826	2.751619529454228	11.4446237216283
SRR6954799.unassembled.read_distribution	5262165	7065619	6552249	36512446	3435421	3435421.0	33231493	251280	251280.0	57274166	2383762	2383762.0	1077358172	349354	349354.0	33710595	18486	18486.0	152682166	32574	32574.0	274415636	43894	43894.0	35511308	55338	55338.0	154728310	76313	76313.0	274153740	88538	88538.0	513370	48.621656503131575	3.5563763061665226	33.737482873050475	4.944421713086991	0.2616331279679813	0.4610211787530576	0.6212336102470286	0.7832010189057745	1.0800610675441176	1.2530820017326154	7.265746992584797
