Sample	unpaired_total	unpaired_aligned_none	unpaired_aligned_one	unpaired_aligned_multi	overall_alignment_rate	paired_total	paired_aligned_none	paired_aligned_one	paired_aligned_multi	paired_aligned_discord_one
4129233.err	283251	34265	198675	50311	87.9					
4129234.err	479682	260408	193444	25830	48.45	252595	239841	480	218	12056
4129235.err	6282498	582182	4772219	928097	90.73					
4129237.err	527398	69242	363595	94561	86.87					
4129238.err	877728	476746	353672	47310	48.45	462422	438864	815	355	22388
4129239.err	27570596	5041933	18262245	4266418	81.71					
4129241.err	3857670	300568	3061436	495666	92.21					
4129243.err	19057791	1943607	13095612	4018572	89.8					
4129244.err	4896704	386744	3873858	636102	92.1					
4129247.err	27686320	2121134	18151797	7413389	92.34					
4129250.err	13051749	1181056	10362761	1507932	90.95					
4132545.err	5600006	739567	3764125	1096314	86.79					
4132829.err	3847525	345389	3008618	493518	91.02					
4135471.err	2925394	302405	2104460	518529	89.66					
4135496.err	1279511	253407	752668	273436	80.2					
4135515.err	12666611	1332900	9015485	2318226	89.48					
4135530.err	12950386	1523056	9090273	2337057	88.24					
4137237.err	1139133	155809	728216	255108	86.32					
4137315.err	480480	273137	177594	29749	45.88	252339	240240	639	252	11208
4137317.err	288473	62971	180662	44840	78.17					
4137325.err	1129315	95699	811063	222553	91.53					
4137357.err	3275729	273745	2224021	777963	91.64					
4137365.err	1757834	180728	1276600	300506	89.72					
4137371.err	2229330	212368	1515614	501348	90.47					
4137422.err	5079782	491945	3700290	887547	90.32					
4137493.err	16723595	1673526	11264795	3785274	89.99					
4137524.err	6385687	765224	4463674	1156789	88.02					
4137539.err	1661878	125499	1209855	326524	92.45					
4137546.err	8851575	1590976	5869920	1390679	82.03					
4137549.err	19344378	12248521	5598024	1497833	36.68					
4137565.err	1715407	173924	1350633	190850	89.86					
4137587.err	5212552	432602	3629356	1150594	91.7					
4137600.err	2191536	207995	1734630	248911	90.51					
4137606.err	5273437	590076	3774432	908929	88.81					
4137629.err	31467199	2821966	21828729	6816504	91.03					
4137642.err	10729468	1139333	8649120	941015	89.38					
4137646.err	18846298	1859789	13071364	3915145	90.13					
4137661.err	8909581	789302	7646941	473338	91.14					
4137672.err	25032516	2552686	18443177	4036653	89.8					
4137684.err	4927742	377396	3745553	804793	92.34					
4137705.err	6355186	479706	5103340	772140	92.45					
4137712.err	5150773	234879	4725774	190120	95.44					
4137719.err	14320820	1200691	10117046	3003083	91.62					
4137734.err	29479114	2252968	22243867	4982279	92.36					
4137746.err	19003659	1352619	15958826	1692214	92.88					
4137753.err	28848412	5711258	16347045	6790109	80.2					
4137762.err	11344432	1485957	8380914	1477561	86.9					
4137774.err	5944182	375287	3737243	1831652	93.69					
4137823.err	15517298	1470012	11910349	2136937	90.53					
4137828.err	15115770	1263871	9826584	4025315	91.64					
4144801.err	2420758	230640	1691427	498691	90.47					
SRR6954498.assembled	18846298	1859789	13071364	3915145	90.13					
SRR6954498.unassembled	56860314	31758776	21331609	3769929	46.1	29459362	28430157	85197	33169	910839
SRR6954499.assembled	1715407	173924	1350633	190850	89.86					
SRR6954499.unassembled	2732380	1432746	1164119	135515	50.95	1460612	1366190	2362	1052	91008
SRR6954500.assembled	2191536	207995	1734630	248911	90.51					
SRR6954500.unassembled	3576746	1831205	1567533	178008	51.14	1873860	1788373	3257	1464	80766
SRR6954501.assembled	5273437	590076	3774432	908929	88.81					
SRR6954501.unassembled	11331786	6065643	4550622	715521	50.68	6149680	5665893	12216	5551	466020
SRR6954502.assembled	1757834	180728	1276600	300506	89.72					
SRR6954502.unassembled	3968656	2088312	1628521	251823	52.23	2185584	1984328	4252	1913	195091
SRR6954503.assembled	13051749	1181056	10362761	1507932	90.95					
SRR6954503.unassembled	75048106	41210208	31065791	2772107	46.56	38558126	37524053	103263	38705	892105
SRR6954504.assembled	3857670	300568	3061436	495666	92.21					
SRR6954504.unassembled	13735268	7112970	5898577	723721	51.51	7333967	6867634	15676	6209	444448
SRR6954505.assembled	4896704	386744	3873858	636102	92.1					
SRR6954505.unassembled	17775494	9220362	7614196	940936	51.19	9444456	8887747	20419	7845	528445
SRR6954506.assembled	19057791	1943607	13095612	4018572	89.8					
SRR6954506.unassembled	29689666	14897097	12540396	2252173	52.73	15758571	14844833	46804	18863	848071
SRR6954507.assembled	27570596	5041933	18262245	4266418	81.71					
SRR6954507.unassembled	116267146	67887298	41575200	6804648	44.14	60767125	58133573	147934	67277	2418341
SRR6954508.assembled	6282498	582182	4772219	928097	90.73					
SRR6954508.unassembled	33020732	16884696	14208029	1928007	51.49	17404096	16510366	51813	19418	822499
SRR6954509.assembled	27686320	2121134	18151797	7413389	92.34					
SRR6954509.unassembled	72628180	37687648	27659035	7281497	51.29	38689048	36314090	84929	40698	2249331
SRR6954510.assembled	19344378	12248521	5598024	1497833	36.68					
SRR6954510.unassembled	17776054	11451772	5481676	842606	36.38	9000078	8888027	21340	7869	82842
SRR6954511.assembled	1661878	125499	1209855	326524	92.45					
SRR6954511.unassembled	10308198	5530192	3594839	1183167	47.73	5290422	5154099	10820	4093	121410
SRR6954530.assembled	5944182	375287	3737243	1831652	93.69					
SRR6954530.unassembled	38112774	19116316	13150692	5845766	51.47	19693857	19056387	53142	18714	565614
SRR6954531.assembled	8851575	1590976	5869920	1390679	82.03					
SRR6954531.unassembled	23758286	13222113	9133692	1402481	46.2	12288480	11879143	41493	15596	352248
SRR6954532.assembled	288473	62971	180662	44840	78.17					
SRR6954532.unassembled	480480	273137	177594	29749	45.88	252339	240240	639	252	11208
SRR6954533.assembled	25032516	2552686	18443177	4036653	89.8					
SRR6954533.unassembled	42653220	22949754	17222334	2481132	48.46	22263191	21326610	63754	26647	846180
SRR6954534.assembled	11344432	1485957	8380914	1477561	86.9					
SRR6954534.unassembled	49729896	25640921	20761858	3327117	50.99	26158894	24864948	84012	35111	1174823
SRR6954535.assembled	6355186	479706	5103340	772140	92.45					
SRR6954535.unassembled	37177360	19219284	15739329	2218747	50.75	19511180	18588680	37297	15346	869857
SRR6954538.assembled	5150773	234879	4725774	190120	95.44					
SRR6954538.unassembled	19101500	9661384	8408163	1031953	52.28	10122851	9550750	21773	11631	538697
SRR6954539.assembled	8909581	789302	7646941	473338	91.14					
SRR6954539.unassembled	30193178	15634845	12673240	1885093	53.17	16691966	15096589	21401	13690	1560286
SRR6954540.assembled	28848412	5711258	16347045	6790109	80.2					
SRR6954540.unassembled	43878040	25191211	16219318	2467511	43.44	22270224	21939020	101254	40222	189728
SRR6954543.assembled	5212552	432602	3629356	1150594	91.7					
SRR6954543.unassembled	14805672	8007716	5795558	1002398	48.59	7788381	7402836	25099	9789	350657
SRR6954544.assembled	16723595	1673526	11264795	3785274	89.99					
SRR6954544.unassembled	41455966	22541068	16268069	2646829	47.38	21418843	20727983	73314	27177	590369
SRR6954545.assembled	1139133	155809	728216	255108	86.32					
SRR6954545.unassembled	3333970	1751808	1335361	246801	50.14	1756713	1666985	5146	1825	82757
SRR6954546.assembled	2229330	212368	1515614	501348	90.47					
SRR6954546.unassembled	7125536	3721102	2883944	520490	50.58	3764976	3562768	9701	3442	189065
SRR6954548.assembled	3275729	273745	2224021	777963	91.64					
SRR6954548.unassembled	11496520	6599434	3650819	1246267	44.13	5905658	5748260	8218	3523	145657
SRR6954560.assembled	31467199	2821966	21828729	6816504	91.03					
SRR6954560.unassembled	73492276	41114337	27484047	4893892	45.87	37980593	36746138	122001	45276	1067178
SRR6954561.assembled	1129315	95699	811063	222553	91.53					
SRR6954561.unassembled	6804906	3527754	2727279	549873	50.47	3561201	3402453	9554	3312	145882
SRR6954562.assembled	15517298	1470012	11910349	2136937	90.53					
SRR6954562.unassembled	48287396	25623749	19526197	3137450	49.26	25251734	24143698	60455	24973	1022608
SRR6954563.assembled	5600006	739567	3764125	1096314	86.79					
SRR6954563.unassembled	25559744	14061676	9686542	1811526	46.74	13201072	12779872	37637	13798	369765
SRR6954564.assembled	3847525	345389	3008618	493518	91.02					
SRR6954564.unassembled	22526260	12035490	9482957	1007813	48.21	11620402	11263130	31383	11451	314438
SRR6954565.assembled	2925394	302405	2104460	518529	89.66					
SRR6954565.unassembled	24600164	12688397	10220556	1691211	50.76	12883015	12300082	37674	13973	531286
SRR6954566.assembled	283251	34265	198675	50311	87.9					
SRR6954566.unassembled	479682	260408	193444	25830	48.45	252595	239841	480	218	12056
SRR6954567.assembled	527398	69242	363595	94561	86.87					
SRR6954567.unassembled	877728	476746	353672	47310	48.45	462422	438864	815	355	22388
SRR6954568.assembled	1279511	253407	752668	273436	80.2					
SRR6954568.unassembled	3967398	2108250	1504137	355011	50.08	2111523	1983699	2990	1173	123661
SRR6954572.assembled	15115770	1263871	9826584	4025315	91.64					
SRR6954572.unassembled	63734136	31887188	21598938	10248010	52.86	33821535	31867068	75690	43801	1834976
SRR6954573.assembled	6385687	765224	4463674	1156789	88.02					
SRR6954573.unassembled	11609636	6097585	4212664	1299387	51.78	6323080	5804818	13973	8067	496222
SRR6954574.assembled	5079782	491945	3700290	887547	90.32					
SRR6954574.unassembled	9788712	5161633	3566830	1060249	51.61	5333575	4894356	10913	6384	421922
SRR6954575.assembled	12666611	1332900	9015485	2318226	89.48					
SRR6954575.unassembled	85077204	45793081	34835999	4448124	47.81	43871212	42538602	134835	49483	1148292
SRR6954576.assembled	14320820	1200691	10117046	3003083	91.62					
SRR6954576.unassembled	99822588	52893450	36167396	10761742	48.58	51429403	49911294	79446	29952	1408711
SRR6954577.assembled	19003659	1352619	15958826	1692214	92.88					
SRR6954577.unassembled	93905036	49637662	40901544	3365830	50.13	49771438	46952518	110998	51188	2656734
SRR6954578.assembled	10729468	1139333	8649120	941015	89.38					
SRR6954578.unassembled	108046950	57129585	46096410	4820955	49.8	56901803	54023475	199373	94842	2584113
SRR6954579.assembled	12950386	1523056	9090273	2337057	88.24					
SRR6954579.unassembled	55820698	30750832	21127164	3942702	47.25	29146606	27910349	96429	41812	1098016
SRR6954580.assembled	2420758	230640	1691427	498691	90.47					
SRR6954580.unassembled	13254788	6978919	5274626	1001243	49.34	6887949	6627394	21138	7563	231854
SRR6954582.assembled	29479114	2252968	22243867	4982279	92.36					
SRR6954582.unassembled	94277388	52334239	36149322	5793827	46.88	49264824	47138694	127989	49149	1948992
SRR6954799.assembled	4927742	377396	3745553	804793	92.34					
SRR6954799.unassembled	9281960	4673925	3928731	679304	52.96	4968045	4640980	11062	4094	311909
